(kicad_pcb (version 20171130) (host pcbnew "(5.0.0)")

  (general
    (thickness 1.6)
    (drawings 1)
    (tracks 827)
    (zones 0)
    (modules 64)
    (nets 132)
  )

  (page A4)
  (layers
    (0 F.Cu signal)
    (1 In1.Cu signal hide)
    (2 In2.Cu signal hide)
    (31 B.Cu signal)
    (32 B.Adhes user)
    (33 F.Adhes user)
    (34 B.Paste user)
    (35 F.Paste user)
    (36 B.SilkS user)
    (37 F.SilkS user)
    (38 B.Mask user)
    (39 F.Mask user)
    (40 Dwgs.User user)
    (41 Cmts.User user)
    (42 Eco1.User user)
    (43 Eco2.User user)
    (44 Edge.Cuts user)
    (45 Margin user)
    (46 B.CrtYd user)
    (47 F.CrtYd user)
    (48 B.Fab user)
    (49 F.Fab user)
  )

  (setup
    (last_trace_width 0.25)
    (trace_clearance 0.2)
    (zone_clearance 0.508)
    (zone_45_only no)
    (trace_min 0.2)
    (segment_width 0.2)
    (edge_width 0.15)
    (via_size 0.8)
    (via_drill 0.4)
    (via_min_size 0.4)
    (via_min_drill 0.3)
    (uvia_size 0.3)
    (uvia_drill 0.1)
    (uvias_allowed no)
    (uvia_min_size 0.2)
    (uvia_min_drill 0.1)
    (pcb_text_width 0.3)
    (pcb_text_size 1.5 1.5)
    (mod_edge_width 0.15)
    (mod_text_size 1 1)
    (mod_text_width 0.15)
    (pad_size 1.524 1.524)
    (pad_drill 0.762)
    (pad_to_mask_clearance 0.2)
    (aux_axis_origin 0 0)
    (visible_elements 7FFFFFFF)
    (pcbplotparams
      (layerselection 0x010fc_ffffffff)
      (usegerberextensions false)
      (usegerberattributes false)
      (usegerberadvancedattributes false)
      (creategerberjobfile false)
      (excludeedgelayer true)
      (linewidth 0.100000)
      (plotframeref false)
      (viasonmask false)
      (mode 1)
      (useauxorigin false)
      (hpglpennumber 1)
      (hpglpenspeed 20)
      (hpglpendiameter 15.000000)
      (psnegative false)
      (psa4output false)
      (plotreference true)
      (plotvalue true)
      (plotinvisibletext false)
      (padsonsilk false)
      (subtractmaskfromsilk false)
      (outputformat 1)
      (mirror false)
      (drillshape 1)
      (scaleselection 1)
      (outputdirectory ""))
  )

  (net 0 "")
  (net 1 "Net-(C1-Pad1)")
  (net 2 GND)
  (net 3 "Net-(C2-Pad1)")
  (net 4 "Net-(C3-Pad1)")
  (net 5 +3V3)
  (net 6 "Net-(C15-Pad1)")
  (net 7 +5V)
  (net 8 +12V)
  (net 9 "Net-(C22-Pad1)")
  (net 10 "Net-(C23-Pad1)")
  (net 11 "Net-(C23-Pad2)")
  (net 12 "Net-(C24-Pad1)")
  (net 13 "Net-(C25-Pad2)")
  (net 14 "Net-(C25-Pad1)")
  (net 15 "Net-(C26-Pad1)")
  (net 16 "Net-(C27-Pad2)")
  (net 17 "Net-(C27-Pad1)")
  (net 18 "Net-(J1-Pad2)")
  (net 19 /SWCLK)
  (net 20 /SWDIO)
  (net 21 /NRST)
  (net 22 /JTDO)
  (net 23 "Net-(J3-Pad2)")
  (net 24 "Net-(J3-Pad4)")
  (net 25 "Net-(J3-Pad6)")
  (net 26 "Net-(J3-Pad8)")
  (net 27 "Net-(J4-Pad3)")
  (net 28 "Net-(J4-Pad2)")
  (net 29 "Net-(J5-Pad2)")
  (net 30 "Net-(J5-Pad3)")
  (net 31 "Net-(J6-Pad2)")
  (net 32 "Net-(J6-Pad3)")
  (net 33 /48V_IN)
  (net 34 "Net-(P1-Pad1)")
  (net 35 "Net-(P1-Pad3)")
  (net 36 "Net-(P1-Pad5)")
  (net 37 /STM_RESET)
  (net 38 /ODROID_RX)
  (net 39 "Net-(P1-Pad11)")
  (net 40 "Net-(P1-Pad12)")
  (net 41 "Net-(P1-Pad13)")
  (net 42 "Net-(P1-Pad15)")
  (net 43 "Net-(P1-Pad16)")
  (net 44 "Net-(P1-Pad17)")
  (net 45 "Net-(P1-Pad18)")
  (net 46 "Net-(P1-Pad19)")
  (net 47 "Net-(P1-Pad21)")
  (net 48 "Net-(P1-Pad22)")
  (net 49 "Net-(P1-Pad23)")
  (net 50 "Net-(P1-Pad24)")
  (net 51 "Net-(P1-Pad26)")
  (net 52 "Net-(P1-Pad27)")
  (net 53 "Net-(P1-Pad28)")
  (net 54 "Net-(P1-Pad29)")
  (net 55 "Net-(P1-Pad31)")
  (net 56 "Net-(P1-Pad32)")
  (net 57 "Net-(P1-Pad33)")
  (net 58 "Net-(P1-Pad35)")
  (net 59 "Net-(P1-Pad36)")
  (net 60 "Net-(P1-Pad37)")
  (net 61 "Net-(P1-Pad38)")
  (net 62 "Net-(P1-Pad40)")
  (net 63 /HIH_SCL)
  (net 64 /HIH_SDA)
  (net 65 /SWITCH_A)
  (net 66 /SWITCH_B)
  (net 67 /SWITCH_C)
  (net 68 "Net-(R6-Pad2)")
  (net 69 /3.3V_MEASURE)
  (net 70 "Net-(R9-Pad1)")
  (net 71 "Net-(R10-Pad2)")
  (net 72 "Net-(R11-Pad2)")
  (net 73 /SWITCH_D)
  (net 74 /5V_MEASURE)
  (net 75 /48V_MEASURE)
  (net 76 "Net-(R23-Pad1)")
  (net 77 "Net-(R24-Pad1)")
  (net 78 /MISC_RE)
  (net 79 /MISC_DE)
  (net 80 "Net-(U1-Pad4)")
  (net 81 /CURRENT_MEASURE)
  (net 82 /ODROID_TX)
  (net 83 /MOTOR_TX)
  (net 84 /MOTOR_RX)
  (net 85 /MOTOR_RE)
  (net 86 /MOTOR_DE)
  (net 87 "Net-(U1-Pad22)")
  (net 88 "Net-(U1-Pad23)")
  (net 89 "Net-(U1-Pad25)")
  (net 90 "Net-(U1-Pad29)")
  (net 91 "Net-(U1-Pad30)")
  (net 92 "Net-(U1-Pad33)")
  (net 93 "Net-(U1-Pad39)")
  (net 94 /ICM_SDA)
  (net 95 /ICM_SCL)
  (net 96 /SENSOR_TX)
  (net 97 /SENSOR_RX)
  (net 98 /SENSOR_RE)
  (net 99 /SENSOR_DE)
  (net 100 "Net-(U1-Pad50)")
  (net 101 /MISC_TX)
  (net 102 /MISC_RX)
  (net 103 "Net-(U1-Pad53)")
  (net 104 "Net-(U1-Pad54)")
  (net 105 "Net-(U1-Pad57)")
  (net 106 /USART1_TX)
  (net 107 /USART1_RX)
  (net 108 "Net-(U1-Pad60)")
  (net 109 "Net-(U1-Pad61)")
  (net 110 "Net-(U1-Pad62)")
  (net 111 "Net-(U2-Pad5)")
  (net 112 "Net-(U2-Pad6)")
  (net 113 "Net-(U3-Pad1)")
  (net 114 "Net-(R6-Pad3)")
  (net 115 "Net-(U7-Pad7)")
  (net 116 "Net-(U7-Pad11)")
  (net 117 "Net-(U7-Pad12)")
  (net 118 "Net-(U7-Pad19)")
  (net 119 "Net-(U7-Pad21)")
  (net 120 "Net-(U9-Pad19)")
  (net 121 "Net-(U9-Pad18)")
  (net 122 "Net-(U9-Pad17)")
  (net 123 "Net-(U10-Pad15)")
  (net 124 "Net-(U9-Pad14)")
  (net 125 "Net-(U9-Pad13)")
  (net 126 "Net-(U10-Pad13)")
  (net 127 "Net-(U10-Pad8)")
  (net 128 "Net-(U10-Pad14)")
  (net 129 "Net-(U10-Pad16)")
  (net 130 "Net-(U10-Pad17)")
  (net 131 "Net-(U10-Pad18)")

  (net_class Default "This is the default net class."
    (clearance 0.2)
    (trace_width 0.25)
    (via_dia 0.8)
    (via_drill 0.4)
    (uvia_dia 0.3)
    (uvia_drill 0.1)
    (add_net +12V)
    (add_net +3V3)
    (add_net +5V)
    (add_net /3.3V_MEASURE)
    (add_net /48V_IN)
    (add_net /48V_MEASURE)
    (add_net /5V_MEASURE)
    (add_net /CURRENT_MEASURE)
    (add_net /HIH_SCL)
    (add_net /HIH_SDA)
    (add_net /ICM_SCL)
    (add_net /ICM_SDA)
    (add_net /JTDO)
    (add_net /MISC_DE)
    (add_net /MISC_RE)
    (add_net /MISC_RX)
    (add_net /MISC_TX)
    (add_net /MOTOR_DE)
    (add_net /MOTOR_RE)
    (add_net /MOTOR_RX)
    (add_net /MOTOR_TX)
    (add_net /NRST)
    (add_net /ODROID_RX)
    (add_net /ODROID_TX)
    (add_net /SENSOR_DE)
    (add_net /SENSOR_RE)
    (add_net /SENSOR_RX)
    (add_net /SENSOR_TX)
    (add_net /STM_RESET)
    (add_net /SWCLK)
    (add_net /SWDIO)
    (add_net /SWITCH_A)
    (add_net /SWITCH_B)
    (add_net /SWITCH_C)
    (add_net /SWITCH_D)
    (add_net /USART1_RX)
    (add_net /USART1_TX)
    (add_net GND)
    (add_net "Net-(C1-Pad1)")
    (add_net "Net-(C15-Pad1)")
    (add_net "Net-(C2-Pad1)")
    (add_net "Net-(C22-Pad1)")
    (add_net "Net-(C23-Pad1)")
    (add_net "Net-(C23-Pad2)")
    (add_net "Net-(C24-Pad1)")
    (add_net "Net-(C25-Pad1)")
    (add_net "Net-(C25-Pad2)")
    (add_net "Net-(C26-Pad1)")
    (add_net "Net-(C27-Pad1)")
    (add_net "Net-(C27-Pad2)")
    (add_net "Net-(C3-Pad1)")
    (add_net "Net-(J1-Pad2)")
    (add_net "Net-(J3-Pad2)")
    (add_net "Net-(J3-Pad4)")
    (add_net "Net-(J3-Pad6)")
    (add_net "Net-(J3-Pad8)")
    (add_net "Net-(J4-Pad2)")
    (add_net "Net-(J4-Pad3)")
    (add_net "Net-(J5-Pad2)")
    (add_net "Net-(J5-Pad3)")
    (add_net "Net-(J6-Pad2)")
    (add_net "Net-(J6-Pad3)")
    (add_net "Net-(P1-Pad1)")
    (add_net "Net-(P1-Pad11)")
    (add_net "Net-(P1-Pad12)")
    (add_net "Net-(P1-Pad13)")
    (add_net "Net-(P1-Pad15)")
    (add_net "Net-(P1-Pad16)")
    (add_net "Net-(P1-Pad17)")
    (add_net "Net-(P1-Pad18)")
    (add_net "Net-(P1-Pad19)")
    (add_net "Net-(P1-Pad21)")
    (add_net "Net-(P1-Pad22)")
    (add_net "Net-(P1-Pad23)")
    (add_net "Net-(P1-Pad24)")
    (add_net "Net-(P1-Pad26)")
    (add_net "Net-(P1-Pad27)")
    (add_net "Net-(P1-Pad28)")
    (add_net "Net-(P1-Pad29)")
    (add_net "Net-(P1-Pad3)")
    (add_net "Net-(P1-Pad31)")
    (add_net "Net-(P1-Pad32)")
    (add_net "Net-(P1-Pad33)")
    (add_net "Net-(P1-Pad35)")
    (add_net "Net-(P1-Pad36)")
    (add_net "Net-(P1-Pad37)")
    (add_net "Net-(P1-Pad38)")
    (add_net "Net-(P1-Pad40)")
    (add_net "Net-(P1-Pad5)")
    (add_net "Net-(R10-Pad2)")
    (add_net "Net-(R11-Pad2)")
    (add_net "Net-(R23-Pad1)")
    (add_net "Net-(R24-Pad1)")
    (add_net "Net-(R6-Pad2)")
    (add_net "Net-(R6-Pad3)")
    (add_net "Net-(R9-Pad1)")
    (add_net "Net-(U1-Pad22)")
    (add_net "Net-(U1-Pad23)")
    (add_net "Net-(U1-Pad25)")
    (add_net "Net-(U1-Pad29)")
    (add_net "Net-(U1-Pad30)")
    (add_net "Net-(U1-Pad33)")
    (add_net "Net-(U1-Pad39)")
    (add_net "Net-(U1-Pad4)")
    (add_net "Net-(U1-Pad50)")
    (add_net "Net-(U1-Pad53)")
    (add_net "Net-(U1-Pad54)")
    (add_net "Net-(U1-Pad57)")
    (add_net "Net-(U1-Pad60)")
    (add_net "Net-(U1-Pad61)")
    (add_net "Net-(U1-Pad62)")
    (add_net "Net-(U10-Pad13)")
    (add_net "Net-(U10-Pad14)")
    (add_net "Net-(U10-Pad15)")
    (add_net "Net-(U10-Pad16)")
    (add_net "Net-(U10-Pad17)")
    (add_net "Net-(U10-Pad18)")
    (add_net "Net-(U10-Pad8)")
    (add_net "Net-(U2-Pad5)")
    (add_net "Net-(U2-Pad6)")
    (add_net "Net-(U3-Pad1)")
    (add_net "Net-(U7-Pad11)")
    (add_net "Net-(U7-Pad12)")
    (add_net "Net-(U7-Pad19)")
    (add_net "Net-(U7-Pad21)")
    (add_net "Net-(U7-Pad7)")
    (add_net "Net-(U9-Pad13)")
    (add_net "Net-(U9-Pad14)")
    (add_net "Net-(U9-Pad17)")
    (add_net "Net-(U9-Pad18)")
    (add_net "Net-(U9-Pad19)")
  )

  (module footprints:ODROID-C2 (layer F.Cu) (tedit 5BF1B492) (tstamp 5C15121B)
    (at 156.21 133.35 180)
    (path /5BCA73B2)
    (fp_text reference P1 (at -2.032 3.556 270) (layer F.SilkS)
      (effects (font (size 1 1) (thickness 0.15)))
    )
    (fp_text value ODROID-C2 (at 18.96 5.56 180) (layer F.Fab)
      (effects (font (size 1 1) (thickness 0.15)))
    )
    (fp_text user usb (at 76.2 34.29 180) (layer F.SilkS) hide
      (effects (font (size 1 1) (thickness 0.15)))
    )
    (fp_text user ethernet (at 73.66 0 180) (layer F.SilkS) hide
      (effects (font (size 1 1) (thickness 0.15)))
    )
    (fp_line (start 81.5 52.5) (end -3.5 52.5) (layer F.CrtYd) (width 0.15))
    (fp_line (start 81.5 -3.5) (end -3.5 -3.5) (layer F.CrtYd) (width 0.15))
    (fp_line (start 81.5 -3.5) (end 81.5 52.5) (layer F.CrtYd) (width 0.15))
    (fp_line (start -3.5 52.5) (end -3.5 -3.5) (layer F.CrtYd) (width 0.15))
    (pad 40 thru_hole circle (at 53.13 50.27) (size 1.524 1.524) (drill 0.762) (layers *.Cu *.Mask F.SilkS)
      (net 62 "Net-(P1-Pad40)"))
    (pad 39 thru_hole circle (at 53.13 47.73) (size 1.524 1.524) (drill 0.762) (layers *.Cu *.Mask F.SilkS)
      (net 2 GND))
    (pad 38 thru_hole circle (at 50.59 50.27) (size 1.524 1.524) (drill 0.762) (layers *.Cu *.Mask F.SilkS)
      (net 61 "Net-(P1-Pad38)"))
    (pad 37 thru_hole circle (at 50.59 47.73) (size 1.524 1.524) (drill 0.762) (layers *.Cu *.Mask F.SilkS)
      (net 60 "Net-(P1-Pad37)"))
    (pad 36 thru_hole circle (at 48.05 50.27) (size 1.524 1.524) (drill 0.762) (layers *.Cu *.Mask F.SilkS)
      (net 59 "Net-(P1-Pad36)"))
    (pad 35 thru_hole circle (at 48.05 47.73) (size 1.524 1.524) (drill 0.762) (layers *.Cu *.Mask F.SilkS)
      (net 58 "Net-(P1-Pad35)"))
    (pad 34 thru_hole circle (at 45.51 50.27) (size 1.524 1.524) (drill 0.762) (layers *.Cu *.Mask F.SilkS)
      (net 2 GND))
    (pad 33 thru_hole circle (at 45.51 47.73) (size 1.524 1.524) (drill 0.762) (layers *.Cu *.Mask F.SilkS)
      (net 57 "Net-(P1-Pad33)"))
    (pad 32 thru_hole circle (at 42.97 50.27) (size 1.524 1.524) (drill 0.762) (layers *.Cu *.Mask F.SilkS)
      (net 56 "Net-(P1-Pad32)"))
    (pad 31 thru_hole circle (at 42.97 47.73) (size 1.524 1.524) (drill 0.762) (layers *.Cu *.Mask F.SilkS)
      (net 55 "Net-(P1-Pad31)"))
    (pad 30 thru_hole circle (at 40.43 50.27) (size 1.524 1.524) (drill 0.762) (layers *.Cu *.Mask F.SilkS)
      (net 2 GND))
    (pad 29 thru_hole circle (at 40.43 47.73) (size 1.524 1.524) (drill 0.762) (layers *.Cu *.Mask F.SilkS)
      (net 54 "Net-(P1-Pad29)"))
    (pad 28 thru_hole circle (at 37.89 50.27) (size 1.524 1.524) (drill 0.762) (layers *.Cu *.Mask F.SilkS)
      (net 53 "Net-(P1-Pad28)"))
    (pad 27 thru_hole circle (at 37.89 47.73) (size 1.524 1.524) (drill 0.762) (layers *.Cu *.Mask F.SilkS)
      (net 52 "Net-(P1-Pad27)"))
    (pad 26 thru_hole circle (at 35.35 50.27) (size 1.524 1.524) (drill 0.762) (layers *.Cu *.Mask F.SilkS)
      (net 51 "Net-(P1-Pad26)"))
    (pad 25 thru_hole circle (at 35.35 47.73) (size 1.524 1.524) (drill 0.762) (layers *.Cu *.Mask F.SilkS)
      (net 2 GND))
    (pad 24 thru_hole circle (at 32.81 50.27) (size 1.524 1.524) (drill 0.762) (layers *.Cu *.Mask F.SilkS)
      (net 50 "Net-(P1-Pad24)"))
    (pad 23 thru_hole circle (at 32.81 47.73) (size 1.524 1.524) (drill 0.762) (layers *.Cu *.Mask F.SilkS)
      (net 49 "Net-(P1-Pad23)"))
    (pad 22 thru_hole circle (at 30.27 50.27) (size 1.524 1.524) (drill 0.762) (layers *.Cu *.Mask F.SilkS)
      (net 48 "Net-(P1-Pad22)"))
    (pad 21 thru_hole circle (at 30.27 47.73) (size 1.524 1.524) (drill 0.762) (layers *.Cu *.Mask F.SilkS)
      (net 47 "Net-(P1-Pad21)"))
    (pad 20 thru_hole circle (at 27.73 50.27) (size 1.524 1.524) (drill 0.762) (layers *.Cu *.Mask F.SilkS)
      (net 2 GND))
    (pad 19 thru_hole circle (at 27.73 47.73) (size 1.524 1.524) (drill 0.762) (layers *.Cu *.Mask F.SilkS)
      (net 46 "Net-(P1-Pad19)"))
    (pad 18 thru_hole circle (at 25.19 50.27) (size 1.524 1.524) (drill 0.762) (layers *.Cu *.Mask F.SilkS)
      (net 45 "Net-(P1-Pad18)"))
    (pad 17 thru_hole circle (at 25.19 47.73) (size 1.524 1.524) (drill 0.762) (layers *.Cu *.Mask F.SilkS)
      (net 44 "Net-(P1-Pad17)"))
    (pad 16 thru_hole circle (at 22.65 50.27) (size 1.524 1.524) (drill 0.762) (layers *.Cu *.Mask F.SilkS)
      (net 43 "Net-(P1-Pad16)"))
    (pad 15 thru_hole circle (at 22.65 47.73) (size 1.524 1.524) (drill 0.762) (layers *.Cu *.Mask F.SilkS)
      (net 42 "Net-(P1-Pad15)"))
    (pad 14 thru_hole circle (at 20.11 50.27) (size 1.524 1.524) (drill 0.762) (layers *.Cu *.Mask F.SilkS)
      (net 2 GND))
    (pad 13 thru_hole circle (at 20.11 47.73) (size 1.524 1.524) (drill 0.762) (layers *.Cu *.Mask F.SilkS)
      (net 41 "Net-(P1-Pad13)"))
    (pad 12 thru_hole circle (at 17.57 50.27) (size 1.524 1.524) (drill 0.762) (layers *.Cu *.Mask F.SilkS)
      (net 40 "Net-(P1-Pad12)"))
    (pad 11 thru_hole circle (at 17.57 47.73) (size 1.524 1.524) (drill 0.762) (layers *.Cu *.Mask F.SilkS)
      (net 39 "Net-(P1-Pad11)"))
    (pad 10 thru_hole circle (at 15.03 50.27) (size 1.524 1.524) (drill 0.762) (layers *.Cu *.Mask F.SilkS)
      (net 38 /ODROID_RX))
    (pad 9 thru_hole circle (at 15.03 47.73) (size 1.524 1.524) (drill 0.762) (layers *.Cu *.Mask F.SilkS)
      (net 2 GND))
    (pad 8 thru_hole circle (at 12.49 50.27) (size 1.524 1.524) (drill 0.762) (layers *.Cu *.Mask F.SilkS)
      (net 82 /ODROID_TX))
    (pad 7 thru_hole circle (at 12.49 47.73) (size 1.524 1.524) (drill 0.762) (layers *.Cu *.Mask F.SilkS)
      (net 37 /STM_RESET))
    (pad 6 thru_hole circle (at 9.95 50.27) (size 1.524 1.524) (drill 0.762) (layers *.Cu *.Mask F.SilkS)
      (net 2 GND))
    (pad 5 thru_hole circle (at 9.95 47.73) (size 1.524 1.524) (drill 0.762) (layers *.Cu *.Mask F.SilkS)
      (net 36 "Net-(P1-Pad5)"))
    (pad 4 thru_hole circle (at 7.41 50.27) (size 1.524 1.524) (drill 0.762) (layers *.Cu *.Mask F.SilkS)
      (net 7 +5V))
    (pad 3 thru_hole circle (at 7.41 47.73) (size 1.524 1.524) (drill 0.762) (layers *.Cu *.Mask F.SilkS)
      (net 35 "Net-(P1-Pad3)"))
    (pad 2 thru_hole circle (at 4.87 50.27) (size 1.524 1.524) (drill 0.762) (layers *.Cu *.Mask F.SilkS)
      (net 7 +5V))
    (pad 1 thru_hole rect (at 4.87 47.73) (size 1.524 1.524) (drill 0.762) (layers *.Cu *.Mask F.SilkS)
      (net 34 "Net-(P1-Pad1)"))
    (pad "" thru_hole circle (at 58 49) (size 5 5) (drill 3) (layers *.Cu *.Mask F.SilkS))
    (pad "" thru_hole circle (at 0 49) (size 5 5) (drill 3) (layers *.Cu *.Mask F.SilkS))
    (pad "" thru_hole circle (at 0 0) (size 5 5) (drill 3) (layers *.Cu *.Mask F.SilkS))
    (pad "" thru_hole circle (at 58 0) (size 5 5) (drill 3) (layers *.Cu *.Mask F.SilkS))
  )

  (module Capacitor_SMD:C_0603_1608Metric_Pad1.05x0.95mm_HandSolder (layer F.Cu) (tedit 5B301BBE) (tstamp 5C150F26)
    (at 112.395 164.465 90)
    (descr "Capacitor SMD 0603 (1608 Metric), square (rectangular) end terminal, IPC_7351 nominal with elongated pad for handsoldering. (Body size source: http://www.tortai-tech.com/upload/download/2011102023233369053.pdf), generated with kicad-footprint-generator")
    (tags "capacitor handsolder")
    (path /5BE62B2C)
    (attr smd)
    (fp_text reference C1 (at 0 -1.43 90) (layer F.SilkS)
      (effects (font (size 1 1) (thickness 0.15)))
    )
    (fp_text value 0.1uF (at 0 1.43 90) (layer F.Fab)
      (effects (font (size 1 1) (thickness 0.15)))
    )
    (fp_line (start -0.8 0.4) (end -0.8 -0.4) (layer F.Fab) (width 0.1))
    (fp_line (start -0.8 -0.4) (end 0.8 -0.4) (layer F.Fab) (width 0.1))
    (fp_line (start 0.8 -0.4) (end 0.8 0.4) (layer F.Fab) (width 0.1))
    (fp_line (start 0.8 0.4) (end -0.8 0.4) (layer F.Fab) (width 0.1))
    (fp_line (start -0.171267 -0.51) (end 0.171267 -0.51) (layer F.SilkS) (width 0.12))
    (fp_line (start -0.171267 0.51) (end 0.171267 0.51) (layer F.SilkS) (width 0.12))
    (fp_line (start -1.65 0.73) (end -1.65 -0.73) (layer F.CrtYd) (width 0.05))
    (fp_line (start -1.65 -0.73) (end 1.65 -0.73) (layer F.CrtYd) (width 0.05))
    (fp_line (start 1.65 -0.73) (end 1.65 0.73) (layer F.CrtYd) (width 0.05))
    (fp_line (start 1.65 0.73) (end -1.65 0.73) (layer F.CrtYd) (width 0.05))
    (fp_text user %R (at 0 0 90) (layer F.Fab)
      (effects (font (size 0.4 0.4) (thickness 0.06)))
    )
    (pad 1 smd roundrect (at -0.875 0 90) (size 1.05 0.95) (layers F.Cu F.Paste F.Mask) (roundrect_rratio 0.25)
      (net 1 "Net-(C1-Pad1)"))
    (pad 2 smd roundrect (at 0.875 0 90) (size 1.05 0.95) (layers F.Cu F.Paste F.Mask) (roundrect_rratio 0.25)
      (net 2 GND))
    (model ${KISYS3DMOD}/Capacitor_SMD.3dshapes/C_0603_1608Metric.wrl
      (at (xyz 0 0 0))
      (scale (xyz 1 1 1))
      (rotate (xyz 0 0 0))
    )
  )

  (module Capacitor_SMD:C_0603_1608Metric_Pad1.05x0.95mm_HandSolder (layer B.Cu) (tedit 5B301BBE) (tstamp 5C150F37)
    (at 130.556 104.648 90)
    (descr "Capacitor SMD 0603 (1608 Metric), square (rectangular) end terminal, IPC_7351 nominal with elongated pad for handsoldering. (Body size source: http://www.tortai-tech.com/upload/download/2011102023233369053.pdf), generated with kicad-footprint-generator")
    (tags "capacitor handsolder")
    (path /5BCA0734)
    (attr smd)
    (fp_text reference C2 (at 0 1.43 90) (layer B.SilkS)
      (effects (font (size 1 1) (thickness 0.15)) (justify mirror))
    )
    (fp_text value 30pF (at 0 -1.43 90) (layer B.Fab)
      (effects (font (size 1 1) (thickness 0.15)) (justify mirror))
    )
    (fp_line (start -0.8 -0.4) (end -0.8 0.4) (layer B.Fab) (width 0.1))
    (fp_line (start -0.8 0.4) (end 0.8 0.4) (layer B.Fab) (width 0.1))
    (fp_line (start 0.8 0.4) (end 0.8 -0.4) (layer B.Fab) (width 0.1))
    (fp_line (start 0.8 -0.4) (end -0.8 -0.4) (layer B.Fab) (width 0.1))
    (fp_line (start -0.171267 0.51) (end 0.171267 0.51) (layer B.SilkS) (width 0.12))
    (fp_line (start -0.171267 -0.51) (end 0.171267 -0.51) (layer B.SilkS) (width 0.12))
    (fp_line (start -1.65 -0.73) (end -1.65 0.73) (layer B.CrtYd) (width 0.05))
    (fp_line (start -1.65 0.73) (end 1.65 0.73) (layer B.CrtYd) (width 0.05))
    (fp_line (start 1.65 0.73) (end 1.65 -0.73) (layer B.CrtYd) (width 0.05))
    (fp_line (start 1.65 -0.73) (end -1.65 -0.73) (layer B.CrtYd) (width 0.05))
    (fp_text user %R (at 0 0 90) (layer B.Fab)
      (effects (font (size 0.4 0.4) (thickness 0.06)) (justify mirror))
    )
    (pad 1 smd roundrect (at -0.875 0 90) (size 1.05 0.95) (layers B.Cu B.Paste B.Mask) (roundrect_rratio 0.25)
      (net 3 "Net-(C2-Pad1)"))
    (pad 2 smd roundrect (at 0.875 0 90) (size 1.05 0.95) (layers B.Cu B.Paste B.Mask) (roundrect_rratio 0.25)
      (net 2 GND))
    (model ${KISYS3DMOD}/Capacitor_SMD.3dshapes/C_0603_1608Metric.wrl
      (at (xyz 0 0 0))
      (scale (xyz 1 1 1))
      (rotate (xyz 0 0 0))
    )
  )

  (module Capacitor_SMD:C_0603_1608Metric_Pad1.05x0.95mm_HandSolder (layer B.Cu) (tedit 5B301BBE) (tstamp 5C150F48)
    (at 130.556 108.599 270)
    (descr "Capacitor SMD 0603 (1608 Metric), square (rectangular) end terminal, IPC_7351 nominal with elongated pad for handsoldering. (Body size source: http://www.tortai-tech.com/upload/download/2011102023233369053.pdf), generated with kicad-footprint-generator")
    (tags "capacitor handsolder")
    (path /5BCA08CF)
    (attr smd)
    (fp_text reference C3 (at 0 1.43 270) (layer B.SilkS)
      (effects (font (size 1 1) (thickness 0.15)) (justify mirror))
    )
    (fp_text value 30pF (at 0 -1.43 270) (layer B.Fab)
      (effects (font (size 1 1) (thickness 0.15)) (justify mirror))
    )
    (fp_text user %R (at 0 0 270) (layer B.Fab)
      (effects (font (size 0.4 0.4) (thickness 0.06)) (justify mirror))
    )
    (fp_line (start 1.65 -0.73) (end -1.65 -0.73) (layer B.CrtYd) (width 0.05))
    (fp_line (start 1.65 0.73) (end 1.65 -0.73) (layer B.CrtYd) (width 0.05))
    (fp_line (start -1.65 0.73) (end 1.65 0.73) (layer B.CrtYd) (width 0.05))
    (fp_line (start -1.65 -0.73) (end -1.65 0.73) (layer B.CrtYd) (width 0.05))
    (fp_line (start -0.171267 -0.51) (end 0.171267 -0.51) (layer B.SilkS) (width 0.12))
    (fp_line (start -0.171267 0.51) (end 0.171267 0.51) (layer B.SilkS) (width 0.12))
    (fp_line (start 0.8 -0.4) (end -0.8 -0.4) (layer B.Fab) (width 0.1))
    (fp_line (start 0.8 0.4) (end 0.8 -0.4) (layer B.Fab) (width 0.1))
    (fp_line (start -0.8 0.4) (end 0.8 0.4) (layer B.Fab) (width 0.1))
    (fp_line (start -0.8 -0.4) (end -0.8 0.4) (layer B.Fab) (width 0.1))
    (pad 2 smd roundrect (at 0.875 0 270) (size 1.05 0.95) (layers B.Cu B.Paste B.Mask) (roundrect_rratio 0.25)
      (net 2 GND))
    (pad 1 smd roundrect (at -0.875 0 270) (size 1.05 0.95) (layers B.Cu B.Paste B.Mask) (roundrect_rratio 0.25)
      (net 4 "Net-(C3-Pad1)"))
    (model ${KISYS3DMOD}/Capacitor_SMD.3dshapes/C_0603_1608Metric.wrl
      (at (xyz 0 0 0))
      (scale (xyz 1 1 1))
      (rotate (xyz 0 0 0))
    )
  )

  (module Capacitor_SMD:C_0603_1608Metric_Pad1.05x0.95mm_HandSolder (layer F.Cu) (tedit 5B301BBE) (tstamp 5C150F59)
    (at 124.46 163.83 90)
    (descr "Capacitor SMD 0603 (1608 Metric), square (rectangular) end terminal, IPC_7351 nominal with elongated pad for handsoldering. (Body size source: http://www.tortai-tech.com/upload/download/2011102023233369053.pdf), generated with kicad-footprint-generator")
    (tags "capacitor handsolder")
    (path /5BE7C931)
    (attr smd)
    (fp_text reference C4 (at 0 -1.43 90) (layer F.SilkS)
      (effects (font (size 1 1) (thickness 0.15)))
    )
    (fp_text value 1uF (at 0 1.43 90) (layer F.Fab)
      (effects (font (size 1 1) (thickness 0.15)))
    )
    (fp_line (start -0.8 0.4) (end -0.8 -0.4) (layer F.Fab) (width 0.1))
    (fp_line (start -0.8 -0.4) (end 0.8 -0.4) (layer F.Fab) (width 0.1))
    (fp_line (start 0.8 -0.4) (end 0.8 0.4) (layer F.Fab) (width 0.1))
    (fp_line (start 0.8 0.4) (end -0.8 0.4) (layer F.Fab) (width 0.1))
    (fp_line (start -0.171267 -0.51) (end 0.171267 -0.51) (layer F.SilkS) (width 0.12))
    (fp_line (start -0.171267 0.51) (end 0.171267 0.51) (layer F.SilkS) (width 0.12))
    (fp_line (start -1.65 0.73) (end -1.65 -0.73) (layer F.CrtYd) (width 0.05))
    (fp_line (start -1.65 -0.73) (end 1.65 -0.73) (layer F.CrtYd) (width 0.05))
    (fp_line (start 1.65 -0.73) (end 1.65 0.73) (layer F.CrtYd) (width 0.05))
    (fp_line (start 1.65 0.73) (end -1.65 0.73) (layer F.CrtYd) (width 0.05))
    (fp_text user %R (at 0 0 90) (layer F.Fab)
      (effects (font (size 0.4 0.4) (thickness 0.06)))
    )
    (pad 1 smd roundrect (at -0.875 0 90) (size 1.05 0.95) (layers F.Cu F.Paste F.Mask) (roundrect_rratio 0.25)
      (net 5 +3V3))
    (pad 2 smd roundrect (at 0.875 0 90) (size 1.05 0.95) (layers F.Cu F.Paste F.Mask) (roundrect_rratio 0.25)
      (net 2 GND))
    (model ${KISYS3DMOD}/Capacitor_SMD.3dshapes/C_0603_1608Metric.wrl
      (at (xyz 0 0 0))
      (scale (xyz 1 1 1))
      (rotate (xyz 0 0 0))
    )
  )

  (module Capacitor_SMD:C_0603_1608Metric_Pad1.05x0.95mm_HandSolder (layer B.Cu) (tedit 5B301BBE) (tstamp 5C150F6A)
    (at 121.045 99.06)
    (descr "Capacitor SMD 0603 (1608 Metric), square (rectangular) end terminal, IPC_7351 nominal with elongated pad for handsoldering. (Body size source: http://www.tortai-tech.com/upload/download/2011102023233369053.pdf), generated with kicad-footprint-generator")
    (tags "capacitor handsolder")
    (path /5BC94911)
    (attr smd)
    (fp_text reference C5 (at 0 1.43) (layer B.SilkS)
      (effects (font (size 1 1) (thickness 0.15)) (justify mirror))
    )
    (fp_text value 100nF (at 0 -1.43) (layer B.Fab)
      (effects (font (size 1 1) (thickness 0.15)) (justify mirror))
    )
    (fp_line (start -0.8 -0.4) (end -0.8 0.4) (layer B.Fab) (width 0.1))
    (fp_line (start -0.8 0.4) (end 0.8 0.4) (layer B.Fab) (width 0.1))
    (fp_line (start 0.8 0.4) (end 0.8 -0.4) (layer B.Fab) (width 0.1))
    (fp_line (start 0.8 -0.4) (end -0.8 -0.4) (layer B.Fab) (width 0.1))
    (fp_line (start -0.171267 0.51) (end 0.171267 0.51) (layer B.SilkS) (width 0.12))
    (fp_line (start -0.171267 -0.51) (end 0.171267 -0.51) (layer B.SilkS) (width 0.12))
    (fp_line (start -1.65 -0.73) (end -1.65 0.73) (layer B.CrtYd) (width 0.05))
    (fp_line (start -1.65 0.73) (end 1.65 0.73) (layer B.CrtYd) (width 0.05))
    (fp_line (start 1.65 0.73) (end 1.65 -0.73) (layer B.CrtYd) (width 0.05))
    (fp_line (start 1.65 -0.73) (end -1.65 -0.73) (layer B.CrtYd) (width 0.05))
    (fp_text user %R (at 0 0) (layer B.Fab)
      (effects (font (size 0.4 0.4) (thickness 0.06)) (justify mirror))
    )
    (pad 1 smd roundrect (at -0.875 0) (size 1.05 0.95) (layers B.Cu B.Paste B.Mask) (roundrect_rratio 0.25)
      (net 2 GND))
    (pad 2 smd roundrect (at 0.875 0) (size 1.05 0.95) (layers B.Cu B.Paste B.Mask) (roundrect_rratio 0.25)
      (net 5 +3V3))
    (model ${KISYS3DMOD}/Capacitor_SMD.3dshapes/C_0603_1608Metric.wrl
      (at (xyz 0 0 0))
      (scale (xyz 1 1 1))
      (rotate (xyz 0 0 0))
    )
  )

  (module Capacitor_SMD:C_0603_1608Metric_Pad1.05x0.95mm_HandSolder (layer B.Cu) (tedit 5B301BBE) (tstamp 5C150F7B)
    (at 109.22 105.015 90)
    (descr "Capacitor SMD 0603 (1608 Metric), square (rectangular) end terminal, IPC_7351 nominal with elongated pad for handsoldering. (Body size source: http://www.tortai-tech.com/upload/download/2011102023233369053.pdf), generated with kicad-footprint-generator")
    (tags "capacitor handsolder")
    (path /5BC949B9)
    (attr smd)
    (fp_text reference C6 (at 0 1.43 90) (layer B.SilkS)
      (effects (font (size 1 1) (thickness 0.15)) (justify mirror))
    )
    (fp_text value 100nF (at 0 -1.43 90) (layer B.Fab)
      (effects (font (size 1 1) (thickness 0.15)) (justify mirror))
    )
    (fp_line (start -0.8 -0.4) (end -0.8 0.4) (layer B.Fab) (width 0.1))
    (fp_line (start -0.8 0.4) (end 0.8 0.4) (layer B.Fab) (width 0.1))
    (fp_line (start 0.8 0.4) (end 0.8 -0.4) (layer B.Fab) (width 0.1))
    (fp_line (start 0.8 -0.4) (end -0.8 -0.4) (layer B.Fab) (width 0.1))
    (fp_line (start -0.171267 0.51) (end 0.171267 0.51) (layer B.SilkS) (width 0.12))
    (fp_line (start -0.171267 -0.51) (end 0.171267 -0.51) (layer B.SilkS) (width 0.12))
    (fp_line (start -1.65 -0.73) (end -1.65 0.73) (layer B.CrtYd) (width 0.05))
    (fp_line (start -1.65 0.73) (end 1.65 0.73) (layer B.CrtYd) (width 0.05))
    (fp_line (start 1.65 0.73) (end 1.65 -0.73) (layer B.CrtYd) (width 0.05))
    (fp_line (start 1.65 -0.73) (end -1.65 -0.73) (layer B.CrtYd) (width 0.05))
    (fp_text user %R (at 0 0 90) (layer B.Fab)
      (effects (font (size 0.4 0.4) (thickness 0.06)) (justify mirror))
    )
    (pad 1 smd roundrect (at -0.875 0 90) (size 1.05 0.95) (layers B.Cu B.Paste B.Mask) (roundrect_rratio 0.25)
      (net 2 GND))
    (pad 2 smd roundrect (at 0.875 0 90) (size 1.05 0.95) (layers B.Cu B.Paste B.Mask) (roundrect_rratio 0.25)
      (net 5 +3V3))
    (model ${KISYS3DMOD}/Capacitor_SMD.3dshapes/C_0603_1608Metric.wrl
      (at (xyz 0 0 0))
      (scale (xyz 1 1 1))
      (rotate (xyz 0 0 0))
    )
  )

  (module Capacitor_SMD:C_0603_1608Metric_Pad1.05x0.95mm_HandSolder (layer B.Cu) (tedit 5B301BBE) (tstamp 5C150F8C)
    (at 113.905 116.84 180)
    (descr "Capacitor SMD 0603 (1608 Metric), square (rectangular) end terminal, IPC_7351 nominal with elongated pad for handsoldering. (Body size source: http://www.tortai-tech.com/upload/download/2011102023233369053.pdf), generated with kicad-footprint-generator")
    (tags "capacitor handsolder")
    (path /5BC94C08)
    (attr smd)
    (fp_text reference C7 (at 0 1.43 180) (layer B.SilkS)
      (effects (font (size 1 1) (thickness 0.15)) (justify mirror))
    )
    (fp_text value 100nF (at 0 -1.43 180) (layer B.Fab)
      (effects (font (size 1 1) (thickness 0.15)) (justify mirror))
    )
    (fp_line (start -0.8 -0.4) (end -0.8 0.4) (layer B.Fab) (width 0.1))
    (fp_line (start -0.8 0.4) (end 0.8 0.4) (layer B.Fab) (width 0.1))
    (fp_line (start 0.8 0.4) (end 0.8 -0.4) (layer B.Fab) (width 0.1))
    (fp_line (start 0.8 -0.4) (end -0.8 -0.4) (layer B.Fab) (width 0.1))
    (fp_line (start -0.171267 0.51) (end 0.171267 0.51) (layer B.SilkS) (width 0.12))
    (fp_line (start -0.171267 -0.51) (end 0.171267 -0.51) (layer B.SilkS) (width 0.12))
    (fp_line (start -1.65 -0.73) (end -1.65 0.73) (layer B.CrtYd) (width 0.05))
    (fp_line (start -1.65 0.73) (end 1.65 0.73) (layer B.CrtYd) (width 0.05))
    (fp_line (start 1.65 0.73) (end 1.65 -0.73) (layer B.CrtYd) (width 0.05))
    (fp_line (start 1.65 -0.73) (end -1.65 -0.73) (layer B.CrtYd) (width 0.05))
    (fp_text user %R (at 0 0 180) (layer B.Fab)
      (effects (font (size 0.4 0.4) (thickness 0.06)) (justify mirror))
    )
    (pad 1 smd roundrect (at -0.875 0 180) (size 1.05 0.95) (layers B.Cu B.Paste B.Mask) (roundrect_rratio 0.25)
      (net 2 GND))
    (pad 2 smd roundrect (at 0.875 0 180) (size 1.05 0.95) (layers B.Cu B.Paste B.Mask) (roundrect_rratio 0.25)
      (net 5 +3V3))
    (model ${KISYS3DMOD}/Capacitor_SMD.3dshapes/C_0603_1608Metric.wrl
      (at (xyz 0 0 0))
      (scale (xyz 1 1 1))
      (rotate (xyz 0 0 0))
    )
  )

  (module Capacitor_SMD:C_0603_1608Metric_Pad1.05x0.95mm_HandSolder (layer B.Cu) (tedit 5B301BBE) (tstamp 5C150F9D)
    (at 121.045 116.84 180)
    (descr "Capacitor SMD 0603 (1608 Metric), square (rectangular) end terminal, IPC_7351 nominal with elongated pad for handsoldering. (Body size source: http://www.tortai-tech.com/upload/download/2011102023233369053.pdf), generated with kicad-footprint-generator")
    (tags "capacitor handsolder")
    (path /5BC94D09)
    (attr smd)
    (fp_text reference C8 (at 0 1.43 180) (layer B.SilkS)
      (effects (font (size 1 1) (thickness 0.15)) (justify mirror))
    )
    (fp_text value 100nF (at 0 -1.43 180) (layer B.Fab)
      (effects (font (size 1 1) (thickness 0.15)) (justify mirror))
    )
    (fp_text user %R (at 0 0 180) (layer B.Fab)
      (effects (font (size 0.4 0.4) (thickness 0.06)) (justify mirror))
    )
    (fp_line (start 1.65 -0.73) (end -1.65 -0.73) (layer B.CrtYd) (width 0.05))
    (fp_line (start 1.65 0.73) (end 1.65 -0.73) (layer B.CrtYd) (width 0.05))
    (fp_line (start -1.65 0.73) (end 1.65 0.73) (layer B.CrtYd) (width 0.05))
    (fp_line (start -1.65 -0.73) (end -1.65 0.73) (layer B.CrtYd) (width 0.05))
    (fp_line (start -0.171267 -0.51) (end 0.171267 -0.51) (layer B.SilkS) (width 0.12))
    (fp_line (start -0.171267 0.51) (end 0.171267 0.51) (layer B.SilkS) (width 0.12))
    (fp_line (start 0.8 -0.4) (end -0.8 -0.4) (layer B.Fab) (width 0.1))
    (fp_line (start 0.8 0.4) (end 0.8 -0.4) (layer B.Fab) (width 0.1))
    (fp_line (start -0.8 0.4) (end 0.8 0.4) (layer B.Fab) (width 0.1))
    (fp_line (start -0.8 -0.4) (end -0.8 0.4) (layer B.Fab) (width 0.1))
    (pad 2 smd roundrect (at 0.875 0 180) (size 1.05 0.95) (layers B.Cu B.Paste B.Mask) (roundrect_rratio 0.25)
      (net 5 +3V3))
    (pad 1 smd roundrect (at -0.875 0 180) (size 1.05 0.95) (layers B.Cu B.Paste B.Mask) (roundrect_rratio 0.25)
      (net 2 GND))
    (model ${KISYS3DMOD}/Capacitor_SMD.3dshapes/C_0603_1608Metric.wrl
      (at (xyz 0 0 0))
      (scale (xyz 1 1 1))
      (rotate (xyz 0 0 0))
    )
  )

  (module Capacitor_SMD:C_0603_1608Metric_Pad1.05x0.95mm_HandSolder (layer B.Cu) (tedit 5B301BBE) (tstamp 5C150FAE)
    (at 127 110.885 270)
    (descr "Capacitor SMD 0603 (1608 Metric), square (rectangular) end terminal, IPC_7351 nominal with elongated pad for handsoldering. (Body size source: http://www.tortai-tech.com/upload/download/2011102023233369053.pdf), generated with kicad-footprint-generator")
    (tags "capacitor handsolder")
    (path /5BC94E13)
    (attr smd)
    (fp_text reference C9 (at 0 1.43 270) (layer B.SilkS)
      (effects (font (size 1 1) (thickness 0.15)) (justify mirror))
    )
    (fp_text value 100nF (at 0 -1.43 270) (layer B.Fab)
      (effects (font (size 1 1) (thickness 0.15)) (justify mirror))
    )
    (fp_text user %R (at 0 0 270) (layer B.Fab)
      (effects (font (size 0.4 0.4) (thickness 0.06)) (justify mirror))
    )
    (fp_line (start 1.65 -0.73) (end -1.65 -0.73) (layer B.CrtYd) (width 0.05))
    (fp_line (start 1.65 0.73) (end 1.65 -0.73) (layer B.CrtYd) (width 0.05))
    (fp_line (start -1.65 0.73) (end 1.65 0.73) (layer B.CrtYd) (width 0.05))
    (fp_line (start -1.65 -0.73) (end -1.65 0.73) (layer B.CrtYd) (width 0.05))
    (fp_line (start -0.171267 -0.51) (end 0.171267 -0.51) (layer B.SilkS) (width 0.12))
    (fp_line (start -0.171267 0.51) (end 0.171267 0.51) (layer B.SilkS) (width 0.12))
    (fp_line (start 0.8 -0.4) (end -0.8 -0.4) (layer B.Fab) (width 0.1))
    (fp_line (start 0.8 0.4) (end 0.8 -0.4) (layer B.Fab) (width 0.1))
    (fp_line (start -0.8 0.4) (end 0.8 0.4) (layer B.Fab) (width 0.1))
    (fp_line (start -0.8 -0.4) (end -0.8 0.4) (layer B.Fab) (width 0.1))
    (pad 2 smd roundrect (at 0.875 0 270) (size 1.05 0.95) (layers B.Cu B.Paste B.Mask) (roundrect_rratio 0.25)
      (net 5 +3V3))
    (pad 1 smd roundrect (at -0.875 0 270) (size 1.05 0.95) (layers B.Cu B.Paste B.Mask) (roundrect_rratio 0.25)
      (net 2 GND))
    (model ${KISYS3DMOD}/Capacitor_SMD.3dshapes/C_0603_1608Metric.wrl
      (at (xyz 0 0 0))
      (scale (xyz 1 1 1))
      (rotate (xyz 0 0 0))
    )
  )

  (module Capacitor_SMD:C_0603_1608Metric_Pad1.05x0.95mm_HandSolder (layer B.Cu) (tedit 5B301BBE) (tstamp 5C150FBF)
    (at 125.984 102.362 270)
    (descr "Capacitor SMD 0603 (1608 Metric), square (rectangular) end terminal, IPC_7351 nominal with elongated pad for handsoldering. (Body size source: http://www.tortai-tech.com/upload/download/2011102023233369053.pdf), generated with kicad-footprint-generator")
    (tags "capacitor handsolder")
    (path /5BC94F4C)
    (attr smd)
    (fp_text reference C10 (at 0 1.43 270) (layer B.SilkS)
      (effects (font (size 1 1) (thickness 0.15)) (justify mirror))
    )
    (fp_text value 100nF (at 0 -1.43 270) (layer B.Fab)
      (effects (font (size 1 1) (thickness 0.15)) (justify mirror))
    )
    (fp_text user %R (at 0 0 270) (layer B.Fab)
      (effects (font (size 0.4 0.4) (thickness 0.06)) (justify mirror))
    )
    (fp_line (start 1.65 -0.73) (end -1.65 -0.73) (layer B.CrtYd) (width 0.05))
    (fp_line (start 1.65 0.73) (end 1.65 -0.73) (layer B.CrtYd) (width 0.05))
    (fp_line (start -1.65 0.73) (end 1.65 0.73) (layer B.CrtYd) (width 0.05))
    (fp_line (start -1.65 -0.73) (end -1.65 0.73) (layer B.CrtYd) (width 0.05))
    (fp_line (start -0.171267 -0.51) (end 0.171267 -0.51) (layer B.SilkS) (width 0.12))
    (fp_line (start -0.171267 0.51) (end 0.171267 0.51) (layer B.SilkS) (width 0.12))
    (fp_line (start 0.8 -0.4) (end -0.8 -0.4) (layer B.Fab) (width 0.1))
    (fp_line (start 0.8 0.4) (end 0.8 -0.4) (layer B.Fab) (width 0.1))
    (fp_line (start -0.8 0.4) (end 0.8 0.4) (layer B.Fab) (width 0.1))
    (fp_line (start -0.8 -0.4) (end -0.8 0.4) (layer B.Fab) (width 0.1))
    (pad 2 smd roundrect (at 0.875 0 270) (size 1.05 0.95) (layers B.Cu B.Paste B.Mask) (roundrect_rratio 0.25)
      (net 5 +3V3))
    (pad 1 smd roundrect (at -0.875 0 270) (size 1.05 0.95) (layers B.Cu B.Paste B.Mask) (roundrect_rratio 0.25)
      (net 2 GND))
    (model ${KISYS3DMOD}/Capacitor_SMD.3dshapes/C_0603_1608Metric.wrl
      (at (xyz 0 0 0))
      (scale (xyz 1 1 1))
      (rotate (xyz 0 0 0))
    )
  )

  (module Capacitor_SMD:C_0603_1608Metric_Pad1.05x0.95mm_HandSolder (layer F.Cu) (tedit 5B301BBE) (tstamp 5C150FD0)
    (at 133.35 50.165 180)
    (descr "Capacitor SMD 0603 (1608 Metric), square (rectangular) end terminal, IPC_7351 nominal with elongated pad for handsoldering. (Body size source: http://www.tortai-tech.com/upload/download/2011102023233369053.pdf), generated with kicad-footprint-generator")
    (tags "capacitor handsolder")
    (path /5C10BBA8)
    (attr smd)
    (fp_text reference C11 (at 0 -1.43 180) (layer F.SilkS)
      (effects (font (size 1 1) (thickness 0.15)))
    )
    (fp_text value C_Small (at 0 1.43 180) (layer F.Fab)
      (effects (font (size 1 1) (thickness 0.15)))
    )
    (fp_text user %R (at 0 0 180) (layer F.Fab)
      (effects (font (size 0.4 0.4) (thickness 0.06)))
    )
    (fp_line (start 1.65 0.73) (end -1.65 0.73) (layer F.CrtYd) (width 0.05))
    (fp_line (start 1.65 -0.73) (end 1.65 0.73) (layer F.CrtYd) (width 0.05))
    (fp_line (start -1.65 -0.73) (end 1.65 -0.73) (layer F.CrtYd) (width 0.05))
    (fp_line (start -1.65 0.73) (end -1.65 -0.73) (layer F.CrtYd) (width 0.05))
    (fp_line (start -0.171267 0.51) (end 0.171267 0.51) (layer F.SilkS) (width 0.12))
    (fp_line (start -0.171267 -0.51) (end 0.171267 -0.51) (layer F.SilkS) (width 0.12))
    (fp_line (start 0.8 0.4) (end -0.8 0.4) (layer F.Fab) (width 0.1))
    (fp_line (start 0.8 -0.4) (end 0.8 0.4) (layer F.Fab) (width 0.1))
    (fp_line (start -0.8 -0.4) (end 0.8 -0.4) (layer F.Fab) (width 0.1))
    (fp_line (start -0.8 0.4) (end -0.8 -0.4) (layer F.Fab) (width 0.1))
    (pad 2 smd roundrect (at 0.875 0 180) (size 1.05 0.95) (layers F.Cu F.Paste F.Mask) (roundrect_rratio 0.25)
      (net 2 GND))
    (pad 1 smd roundrect (at -0.875 0 180) (size 1.05 0.95) (layers F.Cu F.Paste F.Mask) (roundrect_rratio 0.25)
      (net 5 +3V3))
    (model ${KISYS3DMOD}/Capacitor_SMD.3dshapes/C_0603_1608Metric.wrl
      (at (xyz 0 0 0))
      (scale (xyz 1 1 1))
      (rotate (xyz 0 0 0))
    )
  )

  (module Capacitor_SMD:C_0603_1608Metric_Pad1.05x0.95mm_HandSolder (layer F.Cu) (tedit 5B301BBE) (tstamp 5C150FE1)
    (at 117.348 154.686 90)
    (descr "Capacitor SMD 0603 (1608 Metric), square (rectangular) end terminal, IPC_7351 nominal with elongated pad for handsoldering. (Body size source: http://www.tortai-tech.com/upload/download/2011102023233369053.pdf), generated with kicad-footprint-generator")
    (tags "capacitor handsolder")
    (path /5BE30370)
    (attr smd)
    (fp_text reference C12 (at 0 -1.43 90) (layer F.SilkS)
      (effects (font (size 1 1) (thickness 0.15)))
    )
    (fp_text value 1uF (at 0 1.43 90) (layer F.Fab)
      (effects (font (size 1 1) (thickness 0.15)))
    )
    (fp_text user %R (at 0 0 90) (layer F.Fab)
      (effects (font (size 0.4 0.4) (thickness 0.06)))
    )
    (fp_line (start 1.65 0.73) (end -1.65 0.73) (layer F.CrtYd) (width 0.05))
    (fp_line (start 1.65 -0.73) (end 1.65 0.73) (layer F.CrtYd) (width 0.05))
    (fp_line (start -1.65 -0.73) (end 1.65 -0.73) (layer F.CrtYd) (width 0.05))
    (fp_line (start -1.65 0.73) (end -1.65 -0.73) (layer F.CrtYd) (width 0.05))
    (fp_line (start -0.171267 0.51) (end 0.171267 0.51) (layer F.SilkS) (width 0.12))
