(kicad_pcb (version 20171130) (host pcbnew "(5.0.0)")

  (general
    (thickness 1.6)
    (drawings 2)
    (tracks 565)
    (zones 0)
    (modules 63)
    (nets 120)
  )

  (page A4)
  (layers
    (0 F.Cu signal)
    (1 In1.Cu signal)
    (2 In2.Cu signal)
    (31 B.Cu signal)
    (32 B.Adhes user)
    (33 F.Adhes user)
    (34 B.Paste user)
    (35 F.Paste user)
    (36 B.SilkS user)
    (37 F.SilkS user)
    (38 B.Mask user)
    (39 F.Mask user)
    (40 Dwgs.User user)
    (41 Cmts.User user)
    (42 Eco1.User user)
    (43 Eco2.User user)
    (44 Edge.Cuts user)
    (45 Margin user)
    (46 B.CrtYd user)
    (47 F.CrtYd user)
    (48 B.Fab user)
    (49 F.Fab user)
  )

  (setup
    (last_trace_width 0.25)
    (trace_clearance 0.2)
    (zone_clearance 0.508)
    (zone_45_only no)
    (trace_min 0.2)
    (segment_width 0.2)
    (edge_width 0.15)
    (via_size 0.8)
    (via_drill 0.4)
    (via_min_size 0.4)
    (via_min_drill 0.3)
    (uvia_size 0.3)
    (uvia_drill 0.1)
    (uvias_allowed no)
    (uvia_min_size 0.2)
    (uvia_min_drill 0.1)
    (pcb_text_width 0.3)
    (pcb_text_size 1.5 1.5)
    (mod_edge_width 0.15)
    (mod_text_size 1 1)
    (mod_text_width 0.15)
    (pad_size 1.524 1.524)
    (pad_drill 0.762)
    (pad_to_mask_clearance 0.2)
    (aux_axis_origin 0 0)
    (visible_elements 7FFFFFFF)
    (pcbplotparams
      (layerselection 0x010fc_ffffffff)
      (usegerberextensions false)
      (usegerberattributes false)
      (usegerberadvancedattributes false)
      (creategerberjobfile false)
      (excludeedgelayer true)
      (linewidth 0.100000)
      (plotframeref false)
      (viasonmask false)
      (mode 1)
      (useauxorigin false)
      (hpglpennumber 1)
      (hpglpenspeed 20)
      (hpglpendiameter 15.000000)
      (psnegative false)
      (psa4output false)
      (plotreference true)
      (plotvalue true)
      (plotinvisibletext false)
      (padsonsilk false)
      (subtractmaskfromsilk false)
      (outputformat 1)
      (mirror false)
      (drillshape 1)
      (scaleselection 1)
      (outputdirectory ""))
  )

  (net 0 "")
  (net 1 GND)
  (net 2 +3V3)
  (net 3 "Net-(C1-Pad1)")
  (net 4 "Net-(C2-Pad1)")
  (net 5 "Net-(C3-Pad1)")
  (net 6 "Net-(J1-Pad2)")
  (net 7 /SWCLK)
  (net 8 /SWDIO)
  (net 9 /NRST)
  (net 10 /JTDO)
  (net 11 +48V)
  (net 12 "Net-(J4-Pad3)")
  (net 13 "Net-(J4-Pad2)")
  (net 14 "Net-(J5-Pad2)")
  (net 15 "Net-(J6-Pad2)")
  (net 16 "Net-(J6-Pad3)")
  (net 17 "Net-(J10-Pad2)")
  (net 18 "Net-(J11-Pad2)")
  (net 19 "Net-(J12-Pad2)")
  (net 20 "Net-(J13-Pad2)")
  (net 21 "Net-(J14-Pad2)")
  (net 22 "Net-(J15-Pad2)")
  (net 23 "Net-(J16-Pad2)")
  (net 24 /STM_RESET)
  (net 25 /HIH_SCL)
  (net 26 /HIH_SDA)
  (net 27 /SWITCH_A)
  (net 28 /SWITCH_B)
  (net 29 /3.3V_MEASURE)
  (net 30 "Net-(R9-Pad1)")
  (net 31 "Net-(D1-Pad2)")
  (net 32 "Net-(R10-Pad2)")
  (net 33 "Net-(D2-Pad2)")
  (net 34 "Net-(D3-Pad2)")
  (net 35 "Net-(R11-Pad2)")
  (net 36 /5V_MEASURE)
  (net 37 +5V)
  (net 38 /48V_MEASURE)
  (net 39 "Net-(P1-Pad33)")
  (net 40 "Net-(D4-Pad2)")
  (net 41 "Net-(D5-Pad2)")
  (net 42 "Net-(P1-Pad35)")
  (net 43 "Net-(P1-Pad37)")
  (net 44 "Net-(D6-Pad2)")
  (net 45 /MISC_RE)
  (net 46 /MISC_DE)
  (net 47 /CURRENT_MEASURE)
  (net 48 /ODROID_RX)
  (net 49 /ODROID_TX)
  (net 50 "Net-(U1-Pad21)")
  (net 51 "Net-(U1-Pad22)")
  (net 52 "Net-(U1-Pad23)")
  (net 53 "Net-(U1-Pad25)")
  (net 54 "Net-(U1-Pad30)")
  (net 55 "Net-(U1-Pad39)")
  (net 56 /ICM_SDA)
  (net 57 /ICM_SCL)
  (net 58 /SENSOR_TX)
  (net 59 /SENSOR_RX)
  (net 60 /SENSOR_RE)
  (net 61 /SENSOR_DE)
  (net 62 /MISC_TX)
  (net 63 /MISC_RX)
  (net 64 /USART1_TX)
  (net 65 /USART1_RX)
  (net 66 "Net-(U1-Pad60)")
  (net 67 "Net-(U2-Pad5)")
  (net 68 "Net-(U2-Pad6)")
  (net 69 "Net-(P1-Pad1)")
  (net 70 "Net-(P1-Pad3)")
  (net 71 "Net-(P1-Pad5)")
  (net 72 "Net-(P1-Pad11)")
  (net 73 "Net-(P1-Pad12)")
  (net 74 "Net-(P1-Pad13)")
  (net 75 "Net-(P1-Pad15)")
  (net 76 "Net-(P1-Pad16)")
  (net 77 "Net-(P1-Pad17)")
  (net 78 "Net-(P1-Pad18)")
  (net 79 "Net-(P1-Pad19)")
  (net 80 "Net-(P1-Pad21)")
  (net 81 "Net-(P1-Pad22)")
  (net 82 "Net-(P1-Pad23)")
  (net 83 "Net-(P1-Pad24)")
  (net 84 "Net-(P1-Pad26)")
  (net 85 "Net-(P1-Pad27)")
  (net 86 "Net-(P1-Pad28)")
  (net 87 "Net-(P1-Pad29)")
  (net 88 "Net-(P1-Pad31)")
  (net 89 "Net-(P1-Pad32)")
  (net 90 "Net-(P1-Pad36)")
  (net 91 "Net-(P1-Pad38)")
  (net 92 "Net-(P1-Pad40)")
  (net 93 +24V)
  (net 94 /MOTOR_1)
  (net 95 /MOTOR_2)
  (net 96 /MOTOR_3)
  (net 97 /MOTOR_4)
  (net 98 /MOTOR_5)
  (net 99 /MOTOR_6)
  (net 100 /MOTOR_7)
  (net 101 /MOTOR_8)
  (net 102 "Net-(U1-Pad29)")
  (net 103 "Net-(U1-Pad33)")
  (net 104 "Net-(U1-Pad34)")
  (net 105 "Net-(U1-Pad35)")
  (net 106 "Net-(U1-Pad36)")
  (net 107 "Net-(U1-Pad28)")
  (net 108 "Net-(J3-Pad3)")
  (net 109 "Net-(10u1-Pad1)")
  (net 110 "Net-(J3-Pad2)")
  (net 111 "Net-(U5-Pad1)")
  (net 112 "Net-(U5-Pad2)")
  (net 113 "Net-(U5-Pad3)")
  (net 114 "Net-(U5-Pad4)")
  (net 115 "Net-(U5-Pad9)")
  (net 116 "Net-(U5-Pad10)")
  (net 117 "Net-(U5-Pad11)")
  (net 118 "Net-(C4-Pad1)")
  (net 119 "Net-(U2-Pad7)")

  (net_class Default "This is the default net class."
    (clearance 0.2)
    (trace_width 0.25)
    (via_dia 0.8)
    (via_drill 0.4)
    (uvia_dia 0.3)
    (uvia_drill 0.1)
    (add_net +24V)
    (add_net +3V3)
    (add_net +48V)
    (add_net +5V)
    (add_net /3.3V_MEASURE)
    (add_net /48V_MEASURE)
    (add_net /5V_MEASURE)
    (add_net /CURRENT_MEASURE)
    (add_net /HIH_SCL)
    (add_net /HIH_SDA)
    (add_net /ICM_SCL)
    (add_net /ICM_SDA)
    (add_net /JTDO)
    (add_net /MISC_DE)
    (add_net /MISC_RE)
    (add_net /MISC_RX)
    (add_net /MISC_TX)
    (add_net /MOTOR_1)
    (add_net /MOTOR_2)
    (add_net /MOTOR_3)
    (add_net /MOTOR_4)
    (add_net /MOTOR_5)
    (add_net /MOTOR_6)
    (add_net /MOTOR_7)
    (add_net /MOTOR_8)
    (add_net /NRST)
    (add_net /ODROID_RX)
    (add_net /ODROID_TX)
    (add_net /SENSOR_DE)
    (add_net /SENSOR_RE)
    (add_net /SENSOR_RX)
    (add_net /SENSOR_TX)
    (add_net /STM_RESET)
    (add_net /SWCLK)
    (add_net /SWDIO)
    (add_net /SWITCH_A)
    (add_net /SWITCH_B)
    (add_net /USART1_RX)
    (add_net /USART1_TX)
    (add_net GND)
    (add_net "Net-(10u1-Pad1)")
    (add_net "Net-(C1-Pad1)")
    (add_net "Net-(C2-Pad1)")
    (add_net "Net-(C3-Pad1)")
    (add_net "Net-(C4-Pad1)")
    (add_net "Net-(D1-Pad2)")
    (add_net "Net-(D2-Pad2)")
    (add_net "Net-(D3-Pad2)")
    (add_net "Net-(D4-Pad2)")
    (add_net "Net-(D5-Pad2)")
    (add_net "Net-(D6-Pad2)")
    (add_net "Net-(J1-Pad2)")
    (add_net "Net-(J10-Pad2)")
    (add_net "Net-(J11-Pad2)")
    (add_net "Net-(J12-Pad2)")
    (add_net "Net-(J13-Pad2)")
    (add_net "Net-(J14-Pad2)")
    (add_net "Net-(J15-Pad2)")
    (add_net "Net-(J16-Pad2)")
    (add_net "Net-(J3-Pad2)")
    (add_net "Net-(J3-Pad3)")
    (add_net "Net-(J4-Pad2)")
    (add_net "Net-(J4-Pad3)")
    (add_net "Net-(J5-Pad2)")
    (add_net "Net-(J6-Pad2)")
    (add_net "Net-(J6-Pad3)")
    (add_net "Net-(P1-Pad1)")
    (add_net "Net-(P1-Pad11)")
    (add_net "Net-(P1-Pad12)")
    (add_net "Net-(P1-Pad13)")
    (add_net "Net-(P1-Pad15)")
    (add_net "Net-(P1-Pad16)")
    (add_net "Net-(P1-Pad17)")
    (add_net "Net-(P1-Pad18)")
    (add_net "Net-(P1-Pad19)")
    (add_net "Net-(P1-Pad21)")
    (add_net "Net-(P1-Pad22)")
    (add_net "Net-(P1-Pad23)")
    (add_net "Net-(P1-Pad24)")
    (add_net "Net-(P1-Pad26)")
    (add_net "Net-(P1-Pad27)")
    (add_net "Net-(P1-Pad28)")
    (add_net "Net-(P1-Pad29)")
    (add_net "Net-(P1-Pad3)")
    (add_net "Net-(P1-Pad31)")
    (add_net "Net-(P1-Pad32)")
    (add_net "Net-(P1-Pad33)")
    (add_net "Net-(P1-Pad35)")
    (add_net "Net-(P1-Pad36)")
    (add_net "Net-(P1-Pad37)")
    (add_net "Net-(P1-Pad38)")
    (add_net "Net-(P1-Pad40)")
    (add_net "Net-(P1-Pad5)")
    (add_net "Net-(R10-Pad2)")
    (add_net "Net-(R11-Pad2)")
    (add_net "Net-(R9-Pad1)")
    (add_net "Net-(U1-Pad21)")
    (add_net "Net-(U1-Pad22)")
    (add_net "Net-(U1-Pad23)")
    (add_net "Net-(U1-Pad25)")
    (add_net "Net-(U1-Pad28)")
    (add_net "Net-(U1-Pad29)")
    (add_net "Net-(U1-Pad30)")
    (add_net "Net-(U1-Pad33)")
    (add_net "Net-(U1-Pad34)")
    (add_net "Net-(U1-Pad35)")
    (add_net "Net-(U1-Pad36)")
    (add_net "Net-(U1-Pad39)")
    (add_net "Net-(U1-Pad60)")
    (add_net "Net-(U2-Pad5)")
    (add_net "Net-(U2-Pad6)")
    (add_net "Net-(U2-Pad7)")
    (add_net "Net-(U5-Pad1)")
    (add_net "Net-(U5-Pad10)")
    (add_net "Net-(U5-Pad11)")
    (add_net "Net-(U5-Pad2)")
    (add_net "Net-(U5-Pad3)")
    (add_net "Net-(U5-Pad4)")
    (add_net "Net-(U5-Pad9)")
  )

  (module Package_SO:TSSOP-8_3x3mm_P0.65mm (layer B.Cu) (tedit 5A02F25C) (tstamp 5C218C25)
    (at 90.17 84.455)
    (descr "TSSOP8: plastic thin shrink small outline package; 8 leads; body width 3 mm; (see NXP SSOP-TSSOP-VSO-REFLOW.pdf and sot505-1_po.pdf)")
    (tags "SSOP 0.65")
    (path /5BE14455)
    (attr smd)
    (fp_text reference U6 (at 0 2.55) (layer B.SilkS)
      (effects (font (size 1 1) (thickness 0.15)) (justify mirror))
    )
    (fp_text value ADM3061 (at 0 -2.55) (layer B.Fab)
      (effects (font (size 1 1) (thickness 0.15)) (justify mirror))
    )
    (fp_text user %R (at 0 0) (layer B.Fab)
      (effects (font (size 0.6 0.6) (thickness 0.15)) (justify mirror))
    )
    (fp_line (start -1.625 1.5) (end -2.7 1.5) (layer B.SilkS) (width 0.15))
    (fp_line (start -1.625 -1.625) (end 1.625 -1.625) (layer B.SilkS) (width 0.15))
    (fp_line (start -1.625 1.625) (end 1.625 1.625) (layer B.SilkS) (width 0.15))
    (fp_line (start -1.625 -1.625) (end -1.625 -1.4) (layer B.SilkS) (width 0.15))
    (fp_line (start 1.625 -1.625) (end 1.625 -1.4) (layer B.SilkS) (width 0.15))
    (fp_line (start 1.625 1.625) (end 1.625 1.4) (layer B.SilkS) (width 0.15))
    (fp_line (start -1.625 1.625) (end -1.625 1.5) (layer B.SilkS) (width 0.15))
    (fp_line (start -2.95 -1.8) (end 2.95 -1.8) (layer B.CrtYd) (width 0.05))
    (fp_line (start -2.95 1.8) (end 2.95 1.8) (layer B.CrtYd) (width 0.05))
    (fp_line (start 2.95 1.8) (end 2.95 -1.8) (layer B.CrtYd) (width 0.05))
    (fp_line (start -2.95 1.8) (end -2.95 -1.8) (layer B.CrtYd) (width 0.05))
    (fp_line (start -1.5 0.5) (end -0.5 1.5) (layer B.Fab) (width 0.15))
    (fp_line (start -1.5 -1.5) (end -1.5 0.5) (layer B.Fab) (width 0.15))
    (fp_line (start 1.5 -1.5) (end -1.5 -1.5) (layer B.Fab) (width 0.15))
    (fp_line (start 1.5 1.5) (end 1.5 -1.5) (layer B.Fab) (width 0.15))
    (fp_line (start -0.5 1.5) (end 1.5 1.5) (layer B.Fab) (width 0.15))
    (pad 8 smd rect (at 2.15 0.975) (size 1.1 0.4) (layers B.Cu B.Paste B.Mask)
      (net 2 +3V3))
    (pad 7 smd rect (at 2.15 0.325) (size 1.1 0.4) (layers B.Cu B.Paste B.Mask)
      (net 15 "Net-(J6-Pad2)"))
    (pad 6 smd rect (at 2.15 -0.325) (size 1.1 0.4) (layers B.Cu B.Paste B.Mask)
      (net 16 "Net-(J6-Pad3)"))
    (pad 5 smd rect (at 2.15 -0.975) (size 1.1 0.4) (layers B.Cu B.Paste B.Mask)
      (net 1 GND))
    (pad 4 smd rect (at -2.15 -0.975) (size 1.1 0.4) (layers B.Cu B.Paste B.Mask)
      (net 62 /MISC_TX))
    (pad 3 smd rect (at -2.15 -0.325) (size 1.1 0.4) (layers B.Cu B.Paste B.Mask)
      (net 46 /MISC_DE))
    (pad 2 smd rect (at -2.15 0.325) (size 1.1 0.4) (layers B.Cu B.Paste B.Mask)
      (net 45 /MISC_RE))
    (pad 1 smd rect (at -2.15 0.975) (size 1.1 0.4) (layers B.Cu B.Paste B.Mask)
      (net 63 /MISC_RX))
    (model ${KISYS3DMOD}/Package_SO.3dshapes/TSSOP-8_3x3mm_P0.65mm.wrl
      (at (xyz 0 0 0))
      (scale (xyz 1 1 1))
      (rotate (xyz 0 0 0))
    )
  )

  (module Capacitor_SMD:C_0603_1608Metric_Pad1.05x0.95mm_HandSolder (layer F.Cu) (tedit 5B301BBE) (tstamp 5C218869)
    (at 72.136 119.126 270)
    (descr "Capacitor SMD 0603 (1608 Metric), square (rectangular) end terminal, IPC_7351 nominal with elongated pad for handsoldering. (Body size source: http://www.tortai-tech.com/upload/download/2011102023233369053.pdf), generated with kicad-footprint-generator")
    (tags "capacitor handsolder")
    (path /5BC94E13)
    (attr smd)
    (fp_text reference C9 (at 0 -1.43 270) (layer F.SilkS)
      (effects (font (size 1 1) (thickness 0.15)))
    )
    (fp_text value 100nF (at 0 1.43 270) (layer F.Fab)
      (effects (font (size 1 1) (thickness 0.15)))
    )
    (fp_line (start -0.8 0.4) (end -0.8 -0.4) (layer F.Fab) (width 0.1))
    (fp_line (start -0.8 -0.4) (end 0.8 -0.4) (layer F.Fab) (width 0.1))
    (fp_line (start 0.8 -0.4) (end 0.8 0.4) (layer F.Fab) (width 0.1))
    (fp_line (start 0.8 0.4) (end -0.8 0.4) (layer F.Fab) (width 0.1))
    (fp_line (start -0.171267 -0.51) (end 0.171267 -0.51) (layer F.SilkS) (width 0.12))
    (fp_line (start -0.171267 0.51) (end 0.171267 0.51) (layer F.SilkS) (width 0.12))
    (fp_line (start -1.65 0.73) (end -1.65 -0.73) (layer F.CrtYd) (width 0.05))
    (fp_line (start -1.65 -0.73) (end 1.65 -0.73) (layer F.CrtYd) (width 0.05))
    (fp_line (start 1.65 -0.73) (end 1.65 0.73) (layer F.CrtYd) (width 0.05))
    (fp_line (start 1.65 0.73) (end -1.65 0.73) (layer F.CrtYd) (width 0.05))
    (fp_text user %R (at 0 0 270) (layer F.Fab)
      (effects (font (size 0.4 0.4) (thickness 0.06)))
    )
    (pad 1 smd roundrect (at -0.875 0 270) (size 1.05 0.95) (layers F.Cu F.Paste F.Mask) (roundrect_rratio 0.25)
      (net 1 GND))
    (pad 2 smd roundrect (at 0.875 0 270) (size 1.05 0.95) (layers F.Cu F.Paste F.Mask) (roundrect_rratio 0.25)
      (net 2 +3V3))
    (model ${KISYS3DMOD}/Capacitor_SMD.3dshapes/C_0603_1608Metric.wrl
      (at (xyz 0 0 0))
      (scale (xyz 1 1 1))
      (rotate (xyz 0 0 0))
    )
  )

  (module Capacitor_SMD:C_0603_1608Metric_Pad1.05x0.95mm_HandSolder (layer F.Cu) (tedit 5B301BBE) (tstamp 5C218825)
    (at 79.629 119.366 270)
    (descr "Capacitor SMD 0603 (1608 Metric), square (rectangular) end terminal, IPC_7351 nominal with elongated pad for handsoldering. (Body size source: http://www.tortai-tech.com/upload/download/2011102023233369053.pdf), generated with kicad-footprint-generator")
    (tags "capacitor handsolder")
    (path /5BC94911)
    (attr smd)
    (fp_text reference C5 (at 0 -1.43 270) (layer F.SilkS)
      (effects (font (size 1 1) (thickness 0.15)))
    )
    (fp_text value 100nF (at 0 1.43 270) (layer F.Fab)
      (effects (font (size 1 1) (thickness 0.15)))
    )
    (fp_line (start -0.8 0.4) (end -0.8 -0.4) (layer F.Fab) (width 0.1))
    (fp_line (start -0.8 -0.4) (end 0.8 -0.4) (layer F.Fab) (width 0.1))
    (fp_line (start 0.8 -0.4) (end 0.8 0.4) (layer F.Fab) (width 0.1))
    (fp_line (start 0.8 0.4) (end -0.8 0.4) (layer F.Fab) (width 0.1))
    (fp_line (start -0.171267 -0.51) (end 0.171267 -0.51) (layer F.SilkS) (width 0.12))
    (fp_line (start -0.171267 0.51) (end 0.171267 0.51) (layer F.SilkS) (width 0.12))
    (fp_line (start -1.65 0.73) (end -1.65 -0.73) (layer F.CrtYd) (width 0.05))
    (fp_line (start -1.65 -0.73) (end 1.65 -0.73) (layer F.CrtYd) (width 0.05))
    (fp_line (start 1.65 -0.73) (end 1.65 0.73) (layer F.CrtYd) (width 0.05))
    (fp_line (start 1.65 0.73) (end -1.65 0.73) (layer F.CrtYd) (width 0.05))
    (fp_text user %R (at 0 0 270) (layer F.Fab)
      (effects (font (size 0.4 0.4) (thickness 0.06)))
    )
    (pad 1 smd roundrect (at -0.875 0 270) (size 1.05 0.95) (layers F.Cu F.Paste F.Mask) (roundrect_rratio 0.25)
      (net 1 GND))
    (pad 2 smd roundrect (at 0.875 0 270) (size 1.05 0.95) (layers F.Cu F.Paste F.Mask) (roundrect_rratio 0.25)
      (net 2 +3V3))
    (model ${KISYS3DMOD}/Capacitor_SMD.3dshapes/C_0603_1608Metric.wrl
      (at (xyz 0 0 0))
      (scale (xyz 1 1 1))
      (rotate (xyz 0 0 0))
    )
  )

  (module Capacitor_SMD:C_0603_1608Metric_Pad1.05x0.95mm_HandSolder (layer F.Cu) (tedit 5B301BBE) (tstamp 5C218836)
    (at 79.133109 113.864942 90)
    (descr "Capacitor SMD 0603 (1608 Metric), square (rectangular) end terminal, IPC_7351 nominal with elongated pad for handsoldering. (Body size source: http://www.tortai-tech.com/upload/download/2011102023233369053.pdf), generated with kicad-footprint-generator")
    (tags "capacitor handsolder")
    (path /5BC949B9)
    (attr smd)
    (fp_text reference C6 (at 0 -1.43 90) (layer F.SilkS)
      (effects (font (size 1 1) (thickness 0.15)))
    )
    (fp_text value 100nF (at 0 1.43 90) (layer F.Fab)
      (effects (font (size 1 1) (thickness 0.15)))
    )
    (fp_text user %R (at 0 0 90) (layer F.Fab)
      (effects (font (size 0.4 0.4) (thickness 0.06)))
    )
    (fp_line (start 1.65 0.73) (end -1.65 0.73) (layer F.CrtYd) (width 0.05))
    (fp_line (start 1.65 -0.73) (end 1.65 0.73) (layer F.CrtYd) (width 0.05))
    (fp_line (start -1.65 -0.73) (end 1.65 -0.73) (layer F.CrtYd) (width 0.05))
    (fp_line (start -1.65 0.73) (end -1.65 -0.73) (layer F.CrtYd) (width 0.05))
    (fp_line (start -0.171267 0.51) (end 0.171267 0.51) (layer F.SilkS) (width 0.12))
    (fp_line (start -0.171267 -0.51) (end 0.171267 -0.51) (layer F.SilkS) (width 0.12))
    (fp_line (start 0.8 0.4) (end -0.8 0.4) (layer F.Fab) (width 0.1))
    (fp_line (start 0.8 -0.4) (end 0.8 0.4) (layer F.Fab) (width 0.1))
    (fp_line (start -0.8 -0.4) (end 0.8 -0.4) (layer F.Fab) (width 0.1))
    (fp_line (start -0.8 0.4) (end -0.8 -0.4) (layer F.Fab) (width 0.1))
    (pad 2 smd roundrect (at 0.875 0 90) (size 1.05 0.95) (layers F.Cu F.Paste F.Mask) (roundrect_rratio 0.25)
      (net 2 +3V3))
    (pad 1 smd roundrect (at -0.875 0 90) (size 1.05 0.95) (layers F.Cu F.Paste F.Mask) (roundrect_rratio 0.25)
      (net 1 GND))
    (model ${KISYS3DMOD}/Capacitor_SMD.3dshapes/C_0603_1608Metric.wrl
      (at (xyz 0 0 0))
      (scale (xyz 1 1 1))
      (rotate (xyz 0 0 0))
    )
  )

  (module Capacitor_SMD:C_0603_1608Metric_Pad1.05x0.95mm_HandSolder (layer F.Cu) (tedit 5B301BBE) (tstamp 5C218847)
    (at 73.085 112.903)
    (descr "Capacitor SMD 0603 (1608 Metric), square (rectangular) end terminal, IPC_7351 nominal with elongated pad for handsoldering. (Body size source: http://www.tortai-tech.com/upload/download/2011102023233369053.pdf), generated with kicad-footprint-generator")
    (tags "capacitor handsolder")
    (path /5BC94C08)
    (attr smd)
    (fp_text reference C7 (at 2.935 0) (layer F.SilkS)
      (effects (font (size 1 1) (thickness 0.15)))
    )
    (fp_text value 100nF (at 0 1.43) (layer F.Fab)
      (effects (font (size 1 1) (thickness 0.15)))
    )
    (fp_line (start -0.8 0.4) (end -0.8 -0.4) (layer F.Fab) (width 0.1))
    (fp_line (start -0.8 -0.4) (end 0.8 -0.4) (layer F.Fab) (width 0.1))
    (fp_line (start 0.8 -0.4) (end 0.8 0.4) (layer F.Fab) (width 0.1))
    (fp_line (start 0.8 0.4) (end -0.8 0.4) (layer F.Fab) (width 0.1))
    (fp_line (start -0.171267 -0.51) (end 0.171267 -0.51) (layer F.SilkS) (width 0.12))
    (fp_line (start -0.171267 0.51) (end 0.171267 0.51) (layer F.SilkS) (width 0.12))
    (fp_line (start -1.65 0.73) (end -1.65 -0.73) (layer F.CrtYd) (width 0.05))
    (fp_line (start -1.65 -0.73) (end 1.65 -0.73) (layer F.CrtYd) (width 0.05))
    (fp_line (start 1.65 -0.73) (end 1.65 0.73) (layer F.CrtYd) (width 0.05))
    (fp_line (start 1.65 0.73) (end -1.65 0.73) (layer F.CrtYd) (width 0.05))
    (fp_text user %R (at 0 0) (layer F.Fab)
      (effects (font (size 0.4 0.4) (thickness 0.06)))
    )
    (pad 1 smd roundrect (at -0.875 0) (size 1.05 0.95) (layers F.Cu F.Paste F.Mask) (roundrect_rratio 0.25)
      (net 1 GND))
    (pad 2 smd roundrect (at 0.875 0) (size 1.05 0.95) (layers F.Cu F.Paste F.Mask) (roundrect_rratio 0.25)
      (net 2 +3V3))
    (model ${KISYS3DMOD}/Capacitor_SMD.3dshapes/C_0603_1608Metric.wrl
      (at (xyz 0 0 0))
      (scale (xyz 1 1 1))
      (rotate (xyz 0 0 0))
    )
  )

  (module Capacitor_SMD:C_0603_1608Metric_Pad1.05x0.95mm_HandSolder (layer F.Cu) (tedit 5B301BBE) (tstamp 5C218858)
    (at 72.136 115.556 90)
    (descr "Capacitor SMD 0603 (1608 Metric), square (rectangular) end terminal, IPC_7351 nominal with elongated pad for handsoldering. (Body size source: http://www.tortai-tech.com/upload/download/2011102023233369053.pdf), generated with kicad-footprint-generator")
    (tags "capacitor handsolder")
    (path /5BC94D09)
    (attr smd)
    (fp_text reference C8 (at 0 -1.43 90) (layer F.SilkS)
      (effects (font (size 1 1) (thickness 0.15)))
    )
    (fp_text value 100nF (at 0 1.43 90) (layer F.Fab)
      (effects (font (size 1 1) (thickness 0.15)))
    )
    (fp_text user %R (at 0 0 90) (layer F.Fab)
      (effects (font (size 0.4 0.4) (thickness 0.06)))
    )
    (fp_line (start 1.65 0.73) (end -1.65 0.73) (layer F.CrtYd) (width 0.05))
    (fp_line (start 1.65 -0.73) (end 1.65 0.73) (layer F.CrtYd) (width 0.05))
    (fp_line (start -1.65 -0.73) (end 1.65 -0.73) (layer F.CrtYd) (width 0.05))
    (fp_line (start -1.65 0.73) (end -1.65 -0.73) (layer F.CrtYd) (width 0.05))
    (fp_line (start -0.171267 0.51) (end 0.171267 0.51) (layer F.SilkS) (width 0.12))
    (fp_line (start -0.171267 -0.51) (end 0.171267 -0.51) (layer F.SilkS) (width 0.12))
    (fp_line (start 0.8 0.4) (end -0.8 0.4) (layer F.Fab) (width 0.1))
    (fp_line (start 0.8 -0.4) (end 0.8 0.4) (layer F.Fab) (width 0.1))
    (fp_line (start -0.8 -0.4) (end 0.8 -0.4) (layer F.Fab) (width 0.1))
    (fp_line (start -0.8 0.4) (end -0.8 -0.4) (layer F.Fab) (width 0.1))
    (pad 2 smd roundrect (at 0.875 0 90) (size 1.05 0.95) (layers F.Cu F.Paste F.Mask) (roundrect_rratio 0.25)
      (net 2 +3V3))
    (pad 1 smd roundrect (at -0.875 0 90) (size 1.05 0.95) (layers F.Cu F.Paste F.Mask) (roundrect_rratio 0.25)
      (net 1 GND))
    (model ${KISYS3DMOD}/Capacitor_SMD.3dshapes/C_0603_1608Metric.wrl
      (at (xyz 0 0 0))
      (scale (xyz 1 1 1))
      (rotate (xyz 0 0 0))
    )
  )

  (module Capacitor_SMD:C_0603_1608Metric_Pad1.05x0.95mm_HandSolder (layer F.Cu) (tedit 5B301BBE) (tstamp 5C21887A)
    (at 74.944 120.015 180)
    (descr "Capacitor SMD 0603 (1608 Metric), square (rectangular) end terminal, IPC_7351 nominal with elongated pad for handsoldering. (Body size source: http://www.tortai-tech.com/upload/download/2011102023233369053.pdf), generated with kicad-footprint-generator")
    (tags "capacitor handsolder")
    (path /5BC94F4C)
    (attr smd)
    (fp_text reference C10 (at 0 -1.43 180) (layer F.SilkS)
      (effects (font (size 1 1) (thickness 0.15)))
    )
    (fp_text value 100nF (at 0 1.43 180) (layer F.Fab)
      (effects (font (size 1 1) (thickness 0.15)))
    )
    (fp_line (start -0.8 0.4) (end -0.8 -0.4) (layer F.Fab) (width 0.1))
    (fp_line (start -0.8 -0.4) (end 0.8 -0.4) (layer F.Fab) (width 0.1))
    (fp_line (start 0.8 -0.4) (end 0.8 0.4) (layer F.Fab) (width 0.1))
    (fp_line (start 0.8 0.4) (end -0.8 0.4) (layer F.Fab) (width 0.1))
    (fp_line (start -0.171267 -0.51) (end 0.171267 -0.51) (layer F.SilkS) (width 0.12))
    (fp_line (start -0.171267 0.51) (end 0.171267 0.51) (layer F.SilkS) (width 0.12))
    (fp_line (start -1.65 0.73) (end -1.65 -0.73) (layer F.CrtYd) (width 0.05))
    (fp_line (start -1.65 -0.73) (end 1.65 -0.73) (layer F.CrtYd) (width 0.05))
    (fp_line (start 1.65 -0.73) (end 1.65 0.73) (layer F.CrtYd) (width 0.05))
    (fp_line (start 1.65 0.73) (end -1.65 0.73) (layer F.CrtYd) (width 0.05))
    (fp_text user %R (at 0 0 180) (layer F.Fab)
      (effects (font (size 0.4 0.4) (thickness 0.06)))
    )
    (pad 1 smd roundrect (at -0.875 0 180) (size 1.05 0.95) (layers F.Cu F.Paste F.Mask) (roundrect_rratio 0.25)
      (net 1 GND))
    (pad 2 smd roundrect (at 0.875 0 180) (size 1.05 0.95) (layers F.Cu F.Paste F.Mask) (roundrect_rratio 0.25)
      (net 2 +3V3))
    (model ${KISYS3DMOD}/Capacitor_SMD.3dshapes/C_0603_1608Metric.wrl
      (at (xyz 0 0 0))
      (scale (xyz 1 1 1))
      (rotate (xyz 0 0 0))
    )
  )

  (module Capacitor_SMD:C_0603_1608Metric_Pad1.05x0.95mm_HandSolder (layer B.Cu) (tedit 5B301BBE) (tstamp 5C21889C)
    (at 92.075 104.14 270)
    (descr "Capacitor SMD 0603 (1608 Metric), square (rectangular) end terminal, IPC_7351 nominal with elongated pad for handsoldering. (Body size source: http://www.tortai-tech.com/upload/download/2011102023233369053.pdf), generated with kicad-footprint-generator")
    (tags "capacitor handsolder")
    (path /5BE04DEC)
    (attr smd)
    (fp_text reference C13 (at 0 1.43 270) (layer B.SilkS)
      (effects (font (size 1 1) (thickness 0.15)) (justify mirror))
    )
    (fp_text value 1uF (at 0 -1.43 270) (layer B.Fab)
      (effects (font (size 1 1) (thickness 0.15)) (justify mirror))
    )
    (fp_line (start -0.8 -0.4) (end -0.8 0.4) (layer B.Fab) (width 0.1))
    (fp_line (start -0.8 0.4) (end 0.8 0.4) (layer B.Fab) (width 0.1))
    (fp_line (start 0.8 0.4) (end 0.8 -0.4) (layer B.Fab) (width 0.1))
    (fp_line (start 0.8 -0.4) (end -0.8 -0.4) (layer B.Fab) (width 0.1))
    (fp_line (start -0.171267 0.51) (end 0.171267 0.51) (layer B.SilkS) (width 0.12))
    (fp_line (start -0.171267 -0.51) (end 0.171267 -0.51) (layer B.SilkS) (width 0.12))
    (fp_line (start -1.65 -0.73) (end -1.65 0.73) (layer B.CrtYd) (width 0.05))
    (fp_line (start -1.65 0.73) (end 1.65 0.73) (layer B.CrtYd) (width 0.05))
    (fp_line (start 1.65 0.73) (end 1.65 -0.73) (layer B.CrtYd) (width 0.05))
    (fp_line (start 1.65 -0.73) (end -1.65 -0.73) (layer B.CrtYd) (width 0.05))
    (fp_text user %R (at 0 0 270) (layer B.Fab)
      (effects (font (size 0.4 0.4) (thickness 0.06)) (justify mirror))
    )
    (pad 1 smd roundrect (at -0.875 0 270) (size 1.05 0.95) (layers B.Cu B.Paste B.Mask) (roundrect_rratio 0.25)
      (net 2 +3V3))
    (pad 2 smd roundrect (at 0.875 0 270) (size 1.05 0.95) (layers B.Cu B.Paste B.Mask) (roundrect_rratio 0.25)
      (net 1 GND))
    (model ${KISYS3DMOD}/Capacitor_SMD.3dshapes/C_0603_1608Metric.wrl
      (at (xyz 0 0 0))
      (scale (xyz 1 1 1))
      (rotate (xyz 0 0 0))
    )
  )

  (module Capacitor_SMD:C_0603_1608Metric_Pad1.05x0.95mm_HandSolder (layer B.Cu) (tedit 5B301BBE) (tstamp 5C2188AD)
    (at 92.075 88.9 270)
    (descr "Capacitor SMD 0603 (1608 Metric), square (rectangular) end terminal, IPC_7351 nominal with elongated pad for handsoldering. (Body size source: http://www.tortai-tech.com/upload/download/2011102023233369053.pdf), generated with kicad-footprint-generator")
    (tags "capacitor handsolder")
    (path /5BE04E9A)
    (attr smd)
    (fp_text reference C14 (at 0 1.43 270) (layer B.SilkS)
      (effects (font (size 1 1) (thickness 0.15)) (justify mirror))
    )
    (fp_text value 1uF (at 0 -1.43 270) (layer B.Fab)
      (effects (font (size 1 1) (thickness 0.15)) (justify mirror))
    )
    (fp_text user %R (at 0 0 270) (layer B.Fab)
      (effects (font (size 0.4 0.4) (thickness 0.06)) (justify mirror))
    )
    (fp_line (start 1.65 -0.73) (end -1.65 -0.73) (layer B.CrtYd) (width 0.05))
    (fp_line (start 1.65 0.73) (end 1.65 -0.73) (layer B.CrtYd) (width 0.05))
    (fp_line (start -1.65 0.73) (end 1.65 0.73) (layer B.CrtYd) (width 0.05))
    (fp_line (start -1.65 -0.73) (end -1.65 0.73) (layer B.CrtYd) (width 0.05))
    (fp_line (start -0.171267 -0.51) (end 0.171267 -0.51) (layer B.SilkS) (width 0.12))
    (fp_line (start -0.171267 0.51) (end 0.171267 0.51) (layer B.SilkS) (width 0.12))
    (fp_line (start 0.8 -0.4) (end -0.8 -0.4) (layer B.Fab) (width 0.1))
    (fp_line (start 0.8 0.4) (end 0.8 -0.4) (layer B.Fab) (width 0.1))
    (fp_line (start -0.8 0.4) (end 0.8 0.4) (layer B.Fab) (width 0.1))
    (fp_line (start -0.8 -0.4) (end -0.8 0.4) (layer B.Fab) (width 0.1))
    (pad 2 smd roundrect (at 0.875 0 270) (size 1.05 0.95) (layers B.Cu B.Paste B.Mask) (roundrect_rratio 0.25)
      (net 1 GND))
    (pad 1 smd roundrect (at -0.875 0 270) (size 1.05 0.95) (layers B.Cu B.Paste B.Mask) (roundrect_rratio 0.25)
      (net 2 +3V3))
    (model ${KISYS3DMOD}/Capacitor_SMD.3dshapes/C_0603_1608Metric.wrl
      (at (xyz 0 0 0))
      (scale (xyz 1 1 1))
      (rotate (xyz 0 0 0))
    )
  )

  (module Connector_PinHeader_2.54mm:PinHeader_1x02_P2.54mm_Vertical (layer B.Cu) (tedit 59FED5CC) (tstamp 5C2188F6)
    (at 77.216 102.87 180)
    (descr "Through hole straight pin header, 1x02, 2.54mm pitch, single row")
    (tags "Through hole pin header THT 1x02 2.54mm single row")
    (path /5CEEB00F)
    (fp_text reference J1 (at 0 2.33 180) (layer B.SilkS)
      (effects (font (size 1 1) (thickness 0.15)) (justify mirror))
    )
    (fp_text value analog_extra (at 0 -4.87 180) (layer B.Fab)
      (effects (font (size 1 1) (thickness 0.15)) (justify mirror))
    )
    (fp_line (start -0.635 1.27) (end 1.27 1.27) (layer B.Fab) (width 0.1))
    (fp_line (start 1.27 1.27) (end 1.27 -3.81) (layer B.Fab) (width 0.1))
    (fp_line (start 1.27 -3.81) (end -1.27 -3.81) (layer B.Fab) (width 0.1))
    (fp_line (start -1.27 -3.81) (end -1.27 0.635) (layer B.Fab) (width 0.1))
    (fp_line (start -1.27 0.635) (end -0.635 1.27) (layer B.Fab) (width 0.1))
    (fp_line (start -1.33 -3.87) (end 1.33 -3.87) (layer B.SilkS) (width 0.12))
    (fp_line (start -1.33 -1.27) (end -1.33 -3.87) (layer B.SilkS) (width 0.12))
    (fp_line (start 1.33 -1.27) (end 1.33 -3.87) (layer B.SilkS) (width 0.12))
    (fp_line (start -1.33 -1.27) (end 1.33 -1.27) (layer B.SilkS) (width 0.12))
    (fp_line (start -1.33 0) (end -1.33 1.33) (layer B.SilkS) (width 0.12))
    (fp_line (start -1.33 1.33) (end 0 1.33) (layer B.SilkS) (width 0.12))
    (fp_line (start -1.8 1.8) (end -1.8 -4.35) (layer B.CrtYd) (width 0.05))
    (fp_line (start -1.8 -4.35) (end 1.8 -4.35) (layer B.CrtYd) (width 0.05))
    (fp_line (start 1.8 -4.35) (end 1.8 1.8) (layer B.CrtYd) (width 0.05))
    (fp_line (start 1.8 1.8) (end -1.8 1.8) (layer B.CrtYd) (width 0.05))
    (fp_text user %R (at 0 -1.27 90) (layer B.Fab)
      (effects (font (size 1 1) (thickness 0.15)) (justify mirror))
    )
    (pad 1 thru_hole rect (at 0 0 180) (size 1.7 1.7) (drill 1) (layers *.Cu *.Mask)
      (net 1 GND))
    (pad 2 thru_hole oval (at 0 -2.54 180) (size 1.7 1.7) (drill 1) (layers *.Cu *.Mask)
      (net 6 "Net-(J1-Pad2)"))
    (model ${KISYS3DMOD}/Connector_PinHeader_2.54mm.3dshapes/PinHeader_1x02_P2.54mm_Vertical.wrl
      (at (xyz 0 0 0))
      (scale (xyz 1 1 1))
      (rotate (xyz 0 0 0))
    )
  )

  (module Connector_PinHeader_2.54mm:PinHeader_1x06_P2.54mm_Vertical (layer B.Cu) (tedit 59FED5CC) (tstamp 5C218910)
    (at 91.186 130.048)
    (descr "Through hole straight pin header, 1x06, 2.54mm pitch, single row")
    (tags "Through hole pin header THT 1x06 2.54mm single row")
    (path /5BC58A9D)
    (fp_text reference J2 (at 0 2.33) (layer B.SilkS)
      (effects (font (size 1 1) (thickness 0.15)) (justify mirror))
    )
    (fp_text value Programming_Header (at 0 -15.03) (layer B.Fab)
      (effects (font (size 1 1) (thickness 0.15)) (justify mirror))
    )
    (fp_line (start -0.635 1.27) (end 1.27 1.27) (layer B.Fab) (width 0.1))
    (fp_line (start 1.27 1.27) (end 1.27 -13.97) (layer B.Fab) (width 0.1))
    (fp_line (start 1.27 -13.97) (end -1.27 -13.97) (layer B.Fab) (width 0.1))
    (fp_line (start -1.27 -13.97) (end -1.27 0.635) (layer B.Fab) (width 0.1))
    (fp_line (start -1.27 0.635) (end -0.635 1.27) (layer B.Fab) (width 0.1))
    (fp_line (start -1.33 -14.03) (end 1.33 -14.03) (layer B.SilkS) (width 0.12))
    (fp_line (start -1.33 -1.27) (end -1.33 -14.03) (layer B.SilkS) (width 0.12))
    (fp_line (start 1.33 -1.27) (end 1.33 -14.03) (layer B.SilkS) (width 0.12))
    (fp_line (start -1.33 -1.27) (end 1.33 -1.27) (layer B.SilkS) (width 0.12))
    (fp_line (start -1.33 0) (end -1.33 1.33) (layer B.SilkS) (width 0.12))
    (fp_line (start -1.33 1.33) (end 0 1.33) (layer B.SilkS) (width 0.12))
    (fp_line (start -1.8 1.8) (end -1.8 -14.5) (layer B.CrtYd) (width 0.05))
    (fp_line (start -1.8 -14.5) (end 1.8 -14.5) (layer B.CrtYd) (width 0.05))
    (fp_line (start 1.8 -14.5) (end 1.8 1.8) (layer B.CrtYd) (width 0.05))
    (fp_line (start 1.8 1.8) (end -1.8 1.8) (layer B.CrtYd) (width 0.05))
    (fp_text user %R (at 0 -6.35 -90) (layer B.Fab)
      (effects (font (size 1 1) (thickness 0.15)) (justify mirror))
    )
    (pad 1 thru_hole rect (at 0 0) (size 1.7 1.7) (drill 1) (layers *.Cu *.Mask)
      (net 2 +3V3))
    (pad 2 thru_hole oval (at 0 -2.54) (size 1.7 1.7) (drill 1) (layers *.Cu *.Mask)
      (net 7 /SWCLK))
    (pad 3 thru_hole oval (at 0 -5.08) (size 1.7 1.7) (drill 1) (layers *.Cu *.Mask)
      (net 1 GND))
    (pad 4 thru_hole oval (at 0 -7.62) (size 1.7 1.7) (drill 1) (layers *.Cu *.Mask)
      (net 8 /SWDIO))
    (pad 5 thru_hole oval (at 0 -10.16) (size 1.7 1.7) (drill 1) (layers *.Cu *.Mask)
      (net 9 /NRST))
    (pad 6 thru_hole oval (at 0 -12.7) (size 1.7 1.7) (drill 1) (layers *.Cu *.Mask)
      (net 10 /JTDO))
    (model ${KISYS3DMOD}/Connector_PinHeader_2.54mm.3dshapes/PinHeader_1x06_P2.54mm_Vertical.wrl
      (at (xyz 0 0 0))
      (scale (xyz 1 1 1))
      (rotate (xyz 0 0 0))
    )
  )

  (module Package_TO_SOT_SMD:SOT-23 (layer B.Cu) (tedit 5A02FF57) (tstamp 5C218A29)
    (at 62.484 108.204)
    (descr "SOT-23, Standard")
    (tags SOT-23)
    (path /5C1AFECC)
    (attr smd)
    (fp_text reference Q2 (at 0 2.5) (layer B.SilkS)
      (effects (font (size 1 1) (thickness 0.15)) (justify mirror))
    )
    (fp_text value DTC114E (at 0 -2.5) (layer B.Fab)
      (effects (font (size 1 1) (thickness 0.15)) (justify mirror))
    )
    (fp_text user %R (at 0 0 -90) (layer B.Fab)
      (effects (font (size 0.5 0.5) (thickness 0.075)) (justify mirror))
    )
    (fp_line (start -0.7 0.95) (end -0.7 -1.5) (layer B.Fab) (width 0.1))
    (fp_line (start -0.15 1.52) (end 0.7 1.52) (layer B.Fab) (width 0.1))
    (fp_line (start -0.7 0.95) (end -0.15 1.52) (layer B.Fab) (width 0.1))
    (fp_line (start 0.7 1.52) (end 0.7 -1.52) (layer B.Fab) (width 0.1))
    (fp_line (start -0.7 -1.52) (end 0.7 -1.52) (layer B.Fab) (width 0.1))
    (fp_line (start 0.76 -1.58) (end 0.76 -0.65) (layer B.SilkS) (width 0.12))
    (fp_line (start 0.76 1.58) (end 0.76 0.65) (layer B.SilkS) (width 0.12))
    (fp_line (start -1.7 1.75) (end 1.7 1.75) (layer B.CrtYd) (width 0.05))
    (fp_line (start 1.7 1.75) (end 1.7 -1.75) (layer B.CrtYd) (width 0.05))
    (fp_line (start 1.7 -1.75) (end -1.7 -1.75) (layer B.CrtYd) (width 0.05))
    (fp_line (start -1.7 -1.75) (end -1.7 1.75) (layer B.CrtYd) (width 0.05))
    (fp_line (start 0.76 1.58) (end -1.4 1.58) (layer B.SilkS) (width 0.12))
    (fp_line (start 0.76 -1.58) (end -0.7 -1.58) (layer B.SilkS) (width 0.12))
    (pad 1 smd rect (at -1 0.95) (size 0.9 0.8) (layers B.Cu B.Paste B.Mask)
      (net 24 /STM_RESET))
    (pad 2 smd rect (at -1 -0.95) (size 0.9 0.8) (layers B.Cu B.Paste B.Mask)
      (net 1 GND))
    (pad 3 smd rect (at 1 0) (size 0.9 0.8) (layers B.Cu B.Paste B.Mask)
      (net 9 /NRST))
    (model ${KISYS3DMOD}/Package_TO_SOT_SMD.3dshapes/SOT-23.wrl
      (at (xyz 0 0 0))
      (scale (xyz 1 1 1))
      (rotate (xyz 0 0 0))
    )
  )

  (module Package_SO:TSSOP-8_3x3mm_P0.65mm (layer B.Cu) (tedit 5A02F25C) (tstamp 5C218C08)
    (at 90.17 99.695)
    (descr "TSSOP8: plastic thin shrink small outline package; 8 leads; body width 3 mm; (see NXP SSOP-TSSOP-VSO-REFLOW.pdf and sot505-1_po.pdf)")
    (tags "SSOP 0.65")
    (path /5BE146A5)
    (attr smd)
    (fp_text reference U4 (at 0 2.55) (layer B.SilkS)
      (effects (font (size 1 1) (thickness 0.15)) (justify mirror))
    )
    (fp_text value ADM3061 (at 0 -2.55) (layer B.Fab)
      (effects (font (size 1 1) (thickness 0.15)) (justify mirror))
    )
    (fp_line (start -0.5 1.5) (end 1.5 1.5) (layer B.Fab) (width 0.15))
    (fp_line (start 1.5 1.5) (end 1.5 -1.5) (layer B.Fab) (width 0.15))
    (fp_line (start 1.5 -1.5) (end -1.5 -1.5) (layer B.Fab) (width 0.15))
    (fp_line (start -1.5 -1.5) (end -1.5 0.5) (layer B.Fab) (width 0.15))
    (fp_line (start -1.5 0.5) (end -0.5 1.5) (layer B.Fab) (width 0.15))
    (fp_line (start -2.95 1.8) (end -2.95 -1.8) (layer B.CrtYd) (width 0.05))
    (fp_line (start 2.95 1.8) (end 2.95 -1.8) (layer B.CrtYd) (width 0.05))
    (fp_line (start -2.95 1.8) (end 2.95 1.8) (layer B.CrtYd) (width 0.05))
    (fp_line (start -2.95 -1.8) (end 2.95 -1.8) (layer B.CrtYd) (width 0.05))
    (fp_line (start -1.625 1.625) (end -1.625 1.5) (layer B.SilkS) (width 0.15))
    (fp_line (start 1.625 1.625) (end 1.625 1.4) (layer B.SilkS) (width 0.15))
    (fp_line (start 1.625 -1.625) (end 1.625 -1.4) (layer B.SilkS) (width 0.15))
    (fp_line (start -1.625 -1.625) (end -1.625 -1.4) (layer B.SilkS) (width 0.15))
    (fp_line (start -1.625 1.625) (end 1.625 1.625) (layer B.SilkS) (width 0.15))
    (fp_line (start -1.625 -1.625) (end 1.625 -1.625) (layer B.SilkS) (width 0.15))
    (fp_line (start -1.625 1.5) (end -2.7 1.5) (layer B.SilkS) (width 0.15))
    (fp_text user %R (at 0 0) (layer B.Fab)
      (effects (font (size 0.6 0.6) (thickness 0.15)) (justify mirror))
    )
    (pad 1 smd rect (at -2.15 0.975) (size 1.1 0.4) (layers B.Cu B.Paste B.Mask)
      (net 59 /SENSOR_RX))
    (pad 2 smd rect (at -2.15 0.325) (size 1.1 0.4) (layers B.Cu B.Paste B.Mask)
      (net 60 /SENSOR_RE))
    (pad 3 smd rect (at -2.15 -0.325) (size 1.1 0.4) (layers B.Cu B.Paste B.Mask)
      (net 61 /SENSOR_DE))
    (pad 4 smd rect (at -2.15 -0.975) (size 1.1 0.4) (layers B.Cu B.Paste B.Mask)
      (net 58 /SENSOR_TX))
    (pad 5 smd rect (at 2.15 -0.975) (size 1.1 0.4) (layers B.Cu B.Paste B.Mask)
      (net 1 GND))
    (pad 6 smd rect (at 2.15 -0.325) (size 1.1 0.4) (layers B.Cu B.Paste B.Mask)
      (net 12 "Net-(J4-Pad3)"))
    (pad 7 smd rect (at 2.15 0.325) (size 1.1 0.4) (layers B.Cu B.Paste B.Mask)
      (net 13 "Net-(J4-Pad2)"))
    (pad 8 smd rect (at 2.15 0.975) (size 1.1 0.4) (layers B.Cu B.Paste B.Mask)
      (net 2 +3V3))
    (model ${KISYS3DMOD}/Package_SO.3dshapes/TSSOP-8_3x3mm_P0.65mm.wrl
      (at (xyz 0 0 0))
      (scale (xyz 1 1 1))
      (rotate (xyz 0 0 0))
    )
  )

  (module footprints:ODROID-C2 (layer F.Cu) (tedit 5BF1B492) (tstamp 5C39C18C)
    (at 98.806 56.388 270)
    (path /5BCA73B2)
    (fp_text reference P1 (at -2.032 3.556) (layer F.SilkS)
      (effects (font (size 1 1) (thickness 0.15)))
    )
    (fp_text value ODROID-C2 (at 18.96 5.56 270) (layer F.Fab)
      (effects (font (size 1 1) (thickness 0.15)))
    )
    (fp_line (start -3.5 52.5) (end -3.5 -3.5) (layer F.CrtYd) (width 0.15))
    (fp_line (start 81.5 -3.5) (end 81.5 52.5) (layer F.CrtYd) (width 0.15))
    (fp_line (start 81.5 -3.5) (end -3.5 -3.5) (layer F.CrtYd) (width 0.15))
    (fp_line (start 81.5 52.5) (end -3.5 52.5) (layer F.CrtYd) (width 0.15))
    (fp_text user ethernet (at 73.66 0 270) (layer F.SilkS) hide
      (effects (font (size 1 1) (thickness 0.15)))
    )
    (fp_text user usb (at 76.2 34.29 270) (layer F.SilkS) hide
      (effects (font (size 1 1) (thickness 0.15)))
    )
    (pad "" thru_hole circle (at 58 0 90) (size 5 5) (drill 3) (layers *.Cu *.Mask F.SilkS))
    (pad "" thru_hole circle (at 0 0 90) (size 5 5) (drill 3) (layers *.Cu *.Mask F.SilkS))
    (pad "" thru_hole circle (at 0 49 90) (size 5 5) (drill 3) (layers *.Cu *.Mask F.SilkS))
    (pad "" thru_hole circle (at 58 49 90) (size 5 5) (drill 3) (layers *.Cu *.Mask F.SilkS))
    (pad 1 thru_hole rect (at 4.87 47.73 90) (size 1.524 1.524) (drill 0.762) (layers *.Cu *.Mask F.SilkS)
      (net 69 "Net-(P1-Pad1)"))
    (pad 2 thru_hole circle (at 4.87 50.27 90) (size 1.524 1.524) (drill 0.762) (layers *.Cu *.Mask F.SilkS)
      (net 37 +5V))
    (pad 3 thru_hole circle (at 7.41 47.73 90) (size 1.524 1.524) (drill 0.762) (layers *.Cu *.Mask F.SilkS)
      (net 70 "Net-(P1-Pad3)"))
    (pad 4 thru_hole circle (at 7.41 50.27 90) (size 1.524 1.524) (drill 0.762) (layers *.Cu *.Mask F.SilkS)
      (net 37 +5V))
    (pad 5 thru_hole circle (at 9.95 47.73 90) (size 1.524 1.524) (drill 0.762) (layers *.Cu *.Mask F.SilkS)
      (net 71 "Net-(P1-Pad5)"))
    (pad 6 thru_hole circle (at 9.95 50.27 90) (size 1.524 1.524) (drill 0.762) (layers *.Cu *.Mask F.SilkS)
      (net 1 GND))
    (pad 7 thru_hole circle (at 12.49 47.73 90) (size 1.524 1.524) (drill 0.762) (layers *.Cu *.Mask F.SilkS)
      (net 24 /STM_RESET))
